 R101

      CUST NO.   XCOORD.   YCOORD.    DEMAND   READY TIME   DUE DATE   SERVICE TIME
    1      35.00      35.00       0.00       0.00     230.00       0.00
    2      41.00      49.00      10.00     161.00     171.00      10.00
    3      35.00      17.00       7.00      50.00      60.00      10.00
    4      55.00      45.00      13.00     116.00     126.00      10.00
    5      55.00      20.00      19.00     149.00     159.00      10.00
    6      15.00      30.00      26.00      34.00      44.00      10.00
    7      25.00      30.00       3.00      99.00     109.00      10.00
    8      20.00      50.00       5.00      81.00      91.00      10.00
    9      10.00      43.00       9.00      95.00     105.00      10.00
   10      55.00      60.00      16.00      97.00     107.00      10.00
   11      30.00      60.00      16.00     124.00     134.00      10.00
   12      20.00      65.00      12.00      67.00      77.00      10.00
   13      50.00      35.00      19.00      63.00      73.00      10.00
   14      30.00      25.00      23.00     159.00     169.00      10.00
   15      15.00      10.00      20.00      32.00      42.00      10.00
   16      30.00       5.00       8.00      61.00      71.00      10.00
   17      10.00      20.00      19.00      75.00      85.00      10.00
   18       5.00      30.00       2.00     157.00     167.00      10.00
   19      20.00      40.00      12.00      87.00      97.00      10.00
   20      15.00      60.00      17.00      76.00      86.00      10.00
   21      45.00      65.00       9.00     126.00     136.00      10.00
   22      45.00      20.00      11.00      62.00      72.00      10.00
   23      45.00      10.00      18.00      97.00     107.00      10.00
   24      55.00       5.00      29.00      68.00      78.00      10.00
   25      65.00      35.00       3.00     153.00     163.00      10.00
   26      65.00      20.00       6.00     172.00     182.00      10.00
   27      45.00      30.00      17.00     132.00     142.00      10.00
   28      35.00      40.00      16.00      37.00      47.00      10.00
   29      41.00      37.00      16.00      39.00      49.00      10.00
   30      64.00      42.00       9.00      63.00      73.00      10.00
   31      40.00      60.00      21.00      71.00      81.00      10.00
   32      31.00      52.00      27.00      50.00      60.00      10.00
   33      35.00      69.00      23.00     141.00     151.00      10.00
   34      53.00      52.00      11.00      37.00      47.00      10.00
   35      65.00      55.00      14.00     117.00     127.00      10.00
   36      63.00      65.00       8.00     143.00     153.00      10.00
   37       2.00      60.00       5.00      41.00      51.00      10.00
   38      20.00      20.00       8.00     134.00     144.00      10.00
   39       5.00       5.00      16.00      83.00      93.00      10.00
   40      60.00      12.00      31.00      44.00      54.00      10.00
   41      40.00      25.00       9.00      85.00      95.00      10.00
   42      42.00       7.00       5.00      97.00     107.00      10.00
   43      24.00      12.00       5.00      31.00      41.00      10.00
   44      23.00       3.00       7.00     132.00     142.00      10.00
   45      11.00      14.00      18.00      69.00      79.00      10.00
   46       6.00      38.00      16.00      32.00      42.00      10.00
   47       2.00      48.00       1.00     117.00     127.00      10.00
   48       8.00      56.00      27.00      51.00      61.00      10.00
   49      13.00      52.00      36.00     165.00     175.00      10.00
   50       6.00      68.00      30.00     108.00     118.00      10.00
   51      47.00      47.00      13.00     124.00     134.00      10.00
   52      49.00      58.00      10.00      88.00      98.00      10.00
   53      27.00      43.00       9.00      52.00      62.00      10.00
   54      37.00      31.00      14.00      95.00     105.00      10.00
   55      57.00      29.00      18.00     140.00     150.00      10.00
   56      63.00      23.00       2.00     136.00     146.00      10.00
   57      53.00      12.00       6.00     130.00     140.00      10.00
   58      32.00      12.00       7.00     101.00     111.00      10.00
   59      36.00      26.00      18.00     200.00     210.00      10.00
   60      21.00      24.00      28.00      18.00      28.00      10.00
   61      17.00      34.00       3.00     162.00     172.00      10.00
   62      12.00      24.00      13.00      76.00      86.00      10.00
   63      24.00      58.00      19.00      58.00      68.00      10.00
   64      27.00      69.00      10.00      34.00      44.00      10.00
   65      15.00      77.00       9.00      73.00      83.00      10.00
   66      62.00      77.00      20.00      51.00      61.00      10.00
   67      49.00      73.00      25.00     127.00     137.00      10.00
   68      67.00       5.00      25.00      83.00      93.00      10.00
   69      56.00      39.00      36.00     142.00     152.00      10.00
   70      37.00      47.00       6.00      50.00      60.00      10.00
   71      37.00      56.00       5.00     182.00     192.00      10.00
   72      57.00      68.00      15.00      77.00      87.00      10.00
   73      47.00      16.00      25.00      35.00      45.00      10.00
   74      44.00      17.00       9.00      78.00      88.00      10.00
   75      46.00      13.00       8.00     149.00     159.00      10.00
   76      49.00      11.00      18.00      69.00      79.00      10.00
   77      49.00      42.00      13.00      73.00      83.00      10.00
   78      53.00      43.00      14.00     179.00     189.00      10.00
   79      61.00      52.00       3.00      96.00     106.00      10.00
   80      57.00      48.00      23.00      92.00     102.00      10.00
   81      56.00      37.00       6.00     182.00     192.00      10.00
   82      55.00      54.00      26.00      94.00     104.00      10.00
   83      15.00      47.00      16.00      55.00      65.00      10.00
   84      14.00      37.00      11.00      44.00      54.00      10.00
   85      11.00      31.00       7.00     101.00     111.00      10.00
   86      16.00      22.00      41.00      91.00     101.00      10.00
   87       4.00      18.00      35.00      94.00     104.00      10.00
   88      28.00      18.00      26.00      93.00     103.00      10.00
   89      26.00      52.00       9.00      74.00      84.00      10.00
   90      26.00      35.00      15.00     176.00     186.00      10.00
   91      31.00      67.00       3.00      95.00     105.00      10.00
   92      15.00      19.00       1.00     160.00     170.00      10.00
   93      22.00      22.00       2.00      18.00      28.00      10.00
   94      18.00      24.00      22.00     188.00     198.00      10.00
   95      26.00      27.00      27.00     100.00     110.00      10.00
   96      25.00      24.00      20.00      39.00      49.00      10.00
   97      22.00      27.00      11.00     135.00     145.00      10.00
   98      25.00      21.00      12.00     133.00     143.00      10.00
   99      19.00      21.00      10.00      58.00      68.00      10.00
  100      20.00      26.00       9.00      83.00      93.00      10.00
  101      18.00      18.00      17.00     185.00     195.00      10.00
R102
      CUST NO.   XCOORD.   YCOORD.    DEMAND   READY TIME   DUE DATE   SERVICE TIME
    1      35.00      35.00       0.00       0.00     230.00       0.00
    2      41.00      49.00      10.00       0.00     204.00      10.00
    3      35.00      17.00       7.00       0.00     202.00      10.00
    4      55.00      45.00      13.00       0.00     197.00      10.00
    5      55.00      20.00      19.00     149.00     159.00      10.00
    6      15.00      30.00      26.00       0.00     199.00      10.00
    7      25.00      30.00       3.00      99.00     109.00      10.00
    8      20.00      50.00       5.00       0.00     198.00      10.00
    9      10.00      43.00       9.00      95.00     105.00      10.00
   10      55.00      60.00      16.00      97.00     107.00      10.00
   11      30.00      60.00      16.00     124.00     134.00      10.00
   12      20.00      65.00      12.00      67.00      77.00      10.00
   13      50.00      35.00      19.00       0.00     205.00      10.00
   14      30.00      25.00      23.00     159.00     169.00      10.00
   15      15.00      10.00      20.00      32.00      42.00      10.00
   16      30.00       5.00       8.00      61.00      71.00      10.00
   17      10.00      20.00      19.00      75.00      85.00      10.00
   18       5.00      30.00       2.00     157.00     167.00      10.00
   19      20.00      40.00      12.00      87.00      97.00      10.00
   20      15.00      60.00      17.00      76.00      86.00      10.00
   21      45.00      65.00       9.00     126.00     136.00      10.00
   22      45.00      20.00      11.00       0.00     201.00      10.00
   23      45.00      10.00      18.00      97.00     107.00      10.00
   24      55.00       5.00      29.00      68.00      78.00      10.00
   25      65.00      35.00       3.00     153.00     163.00      10.00
   26      65.00      20.00       6.00     172.00     182.00      10.00
   27      45.00      30.00      17.00       0.00     208.00      10.00
   28      35.00      40.00      16.00      37.00      47.00      10.00
   29      41.00      37.00      16.00      39.00      49.00      10.00
   30      64.00      42.00       9.00      63.00      73.00      10.00
   31      40.00      60.00      21.00      71.00      81.00      10.00
   32      31.00      52.00      27.00       0.00     202.00      10.00
   33      35.00      69.00      23.00     141.00     151.00      10.00
   34      53.00      52.00      11.00      37.00      47.00      10.00
   35      65.00      55.00      14.00       0.00     183.00      10.00
   36      63.00      65.00       8.00     143.00     153.00      10.00
   37       2.00      60.00       5.00      41.00      51.00      10.00
   38      20.00      20.00       8.00       0.00     198.00      10.00
   39       5.00       5.00      16.00      83.00      93.00      10.00
   40      60.00      12.00      31.00      44.00      54.00      10.00
   41      40.00      25.00       9.00      85.00      95.00      10.00
   42      42.00       7.00       5.00      97.00     107.00      10.00
   43      24.00      12.00       5.00      31.00      41.00      10.00
   44      23.00       3.00       7.00     132.00     142.00      10.00
   45      11.00      14.00      18.00      69.00      79.00      10.00
   46       6.00      38.00      16.00      32.00      42.00      10.00
   47       2.00      48.00       1.00     117.00     127.00      10.00
   48       8.00      56.00      27.00      51.00      61.00      10.00
   49      13.00      52.00      36.00       0.00     192.00      10.00
   50       6.00      68.00      30.00     108.00     118.00      10.00
   51      47.00      47.00      13.00       0.00     203.00      10.00
   52      49.00      58.00      10.00      88.00      98.00      10.00
   53      27.00      43.00       9.00       0.00     208.00      10.00
   54      37.00      31.00      14.00      95.00     105.00      10.00
   55      57.00      29.00      18.00     140.00     150.00      10.00
   56      63.00      23.00       2.00     136.00     146.00      10.00
   57      53.00      12.00       6.00     130.00     140.00      10.00
   58      32.00      12.00       7.00     101.00     111.00      10.00
   59      36.00      26.00      18.00     200.00     210.00      10.00
   60      21.00      24.00      28.00       0.00     202.00      10.00
   61      17.00      34.00       3.00     162.00     172.00      10.00
   62      12.00      24.00      13.00      76.00      86.00      10.00
   63      24.00      58.00      19.00      58.00      68.00      10.00
   64      27.00      69.00      10.00      34.00      44.00      10.00
   65      15.00      77.00       9.00      73.00      83.00      10.00
   66      62.00      77.00      20.00      51.00      61.00      10.00
   67      49.00      73.00      25.00     127.00     137.00      10.00
   68      67.00       5.00      25.00      83.00      93.00      10.00
   69      56.00      39.00      36.00     142.00     152.00      10.00
   70      37.00      47.00       6.00      50.00      60.00      10.00
   71      37.00      56.00       5.00     182.00     192.00      10.00
   72      57.00      68.00      15.00      77.00      87.00      10.00
   73      47.00      16.00      25.00       0.00     197.00      10.00
   74      44.00      17.00       9.00      78.00      88.00      10.00
   75      46.00      13.00       8.00     149.00     159.00      10.00
   76      49.00      11.00      18.00       0.00     192.00      10.00
   77      49.00      42.00      13.00      73.00      83.00      10.00
   78      53.00      43.00      14.00     179.00     189.00      10.00
   79      61.00      52.00       3.00      96.00     106.00      10.00
   80      57.00      48.00      23.00      92.00     102.00      10.00
   81      56.00      37.00       6.00     182.00     192.00      10.00
   82      55.00      54.00      26.00      94.00     104.00      10.00
   83      15.00      47.00      16.00       0.00     196.00      10.00
   84      14.00      37.00      11.00       0.00     198.00      10.00
   85      11.00      31.00       7.00     101.00     111.00      10.00
   86      16.00      22.00      41.00       0.00     196.00      10.00
   87       4.00      18.00      35.00      94.00     104.00      10.00
   88      28.00      18.00      26.00      93.00     103.00      10.00
   89      26.00      52.00       9.00      74.00      84.00      10.00
   90      26.00      35.00      15.00     176.00     186.00      10.00
   91      31.00      67.00       3.00      95.00     105.00      10.00
   92      15.00      19.00       1.00       0.00     194.00      10.00
   93      22.00      22.00       2.00      18.00      28.00      10.00
   94      18.00      24.00      22.00     188.00     198.00      10.00
   95      26.00      27.00      27.00       0.00     207.00      10.00
   96      25.00      24.00      20.00       0.00     205.00      10.00
   97      22.00      27.00      11.00       0.00     204.00      10.00
   98      25.00      21.00      12.00     133.00     143.00      10.00
   99      19.00      21.00      10.00       0.00     198.00      10.00
  100      20.00      26.00       9.00      83.00      93.00      10.00
  101      18.00      18.00      17.00     185.00     195.00      10.00

R103
      CUST NO.   XCOORD.   YCOORD.    DEMAND   READY TIME   DUE DATE   SERVICE TIME
    1      35.00      35.00       0.00       0.00     230.00       0.00
    2      41.00      49.00      10.00       0.00     204.00      10.00
    3      35.00      17.00       7.00       0.00     202.00      10.00
    4      55.00      45.00      13.00       0.00     197.00      10.00
    5      55.00      20.00      19.00     149.00     159.00      10.00
    6      15.00      30.00      26.00       0.00     199.00      10.00
    7      25.00      30.00       3.00      99.00     109.00      10.00
    8      20.00      50.00       5.00       0.00     198.00      10.00
    9      10.00      43.00       9.00      95.00     105.00      10.00
   10      55.00      60.00      16.00      97.00     107.00      10.00
   11      30.00      60.00      16.00     124.00     134.00      10.00
   12      20.00      65.00      12.00      67.00      77.00      10.00
   13      50.00      35.00      19.00       0.00     205.00      10.00
   14      30.00      25.00      23.00     159.00     169.00      10.00
   15      15.00      10.00      20.00       0.00     187.00      10.00
   16      30.00       5.00       8.00      61.00      71.00      10.00
   17      10.00      20.00      19.00       0.00     190.00      10.00
   18       5.00      30.00       2.00     157.00     167.00      10.00
   19      20.00      40.00      12.00       0.00     204.00      10.00
   20      15.00      60.00      17.00       0.00     187.00      10.00
   21      45.00      65.00       9.00       0.00     188.00      10.00
   22      45.00      20.00      11.00       0.00     201.00      10.00
   23      45.00      10.00      18.00      97.00     107.00      10.00
   24      55.00       5.00      29.00      68.00      78.00      10.00
   25      65.00      35.00       3.00       0.00     190.00      10.00
   26      65.00      20.00       6.00     172.00     182.00      10.00
   27      45.00      30.00      17.00       0.00     208.00      10.00
   28      35.00      40.00      16.00      37.00      47.00      10.00
   29      41.00      37.00      16.00       0.00     213.00      10.00
   30      64.00      42.00       9.00       0.00     190.00      10.00
   31      40.00      60.00      21.00      71.00      81.00      10.00
   32      31.00      52.00      27.00       0.00     202.00      10.00
   33      35.00      69.00      23.00       0.00     186.00      10.00
   34      53.00      52.00      11.00      37.00      47.00      10.00
   35      65.00      55.00      14.00       0.00     183.00      10.00
   36      63.00      65.00       8.00     143.00     153.00      10.00
   37       2.00      60.00       5.00      41.00      51.00      10.00
   38      20.00      20.00       8.00       0.00     198.00      10.00
   39       5.00       5.00      16.00      83.00      93.00      10.00
   40      60.00      12.00      31.00      44.00      54.00      10.00
   41      40.00      25.00       9.00      85.00      95.00      10.00
   42      42.00       7.00       5.00      97.00     107.00      10.00
   43      24.00      12.00       5.00      31.00      41.00      10.00
   44      23.00       3.00       7.00       0.00     185.00      10.00
   45      11.00      14.00      18.00      69.00      79.00      10.00
   46       6.00      38.00      16.00      32.00      42.00      10.00
   47       2.00      48.00       1.00       0.00     184.00      10.00
   48       8.00      56.00      27.00       0.00     185.00      10.00
   49      13.00      52.00      36.00       0.00     192.00      10.00
   50       6.00      68.00      30.00     108.00     118.00      10.00
   51      47.00      47.00      13.00       0.00     203.00      10.00
   52      49.00      58.00      10.00       0.00     193.00      10.00
   53      27.00      43.00       9.00       0.00     208.00      10.00
   54      37.00      31.00      14.00      95.00     105.00      10.00
   55      57.00      29.00      18.00       0.00     197.00      10.00
   56      63.00      23.00       2.00     136.00     146.00      10.00
   57      53.00      12.00       6.00     130.00     140.00      10.00
   58      32.00      12.00       7.00       0.00     196.00      10.00
   59      36.00      26.00      18.00     200.00     210.00      10.00
   60      21.00      24.00      28.00       0.00     202.00      10.00
   61      17.00      34.00       3.00       0.00     201.00      10.00
   62      12.00      24.00      13.00       0.00     194.00      10.00
   63      24.00      58.00      19.00      58.00      68.00      10.00
   64      27.00      69.00      10.00       0.00     185.00      10.00
   65      15.00      77.00       9.00      73.00      83.00      10.00
   66      62.00      77.00      20.00      51.00      61.00      10.00
   67      49.00      73.00      25.00     127.00     137.00      10.00
   68      67.00       5.00      25.00      83.00      93.00      10.00
   69      56.00      39.00      36.00     142.00     152.00      10.00
   70      37.00      47.00       6.00      50.00      60.00      10.00
   71      37.00      56.00       5.00     182.00     192.00      10.00
   72      57.00      68.00      15.00       0.00     180.00      10.00
   73      47.00      16.00      25.00       0.00     197.00      10.00
   74      44.00      17.00       9.00       0.00     199.00      10.00
   75      46.00      13.00       8.00     149.00     159.00      10.00
   76      49.00      11.00      18.00       0.00     192.00      10.00
   77      49.00      42.00      13.00      73.00      83.00      10.00
   78      53.00      43.00      14.00     179.00     189.00      10.00
   79      61.00      52.00       3.00      96.00     106.00      10.00
   80      57.00      48.00      23.00      92.00     102.00      10.00
   81      56.00      37.00       6.00     182.00     192.00      10.00
   82      55.00      54.00      26.00       0.00     192.00      10.00
   83      15.00      47.00      16.00       0.00     196.00      10.00
   84      14.00      37.00      11.00       0.00     198.00      10.00
   85      11.00      31.00       7.00     101.00     111.00      10.00
   86      16.00      22.00      41.00       0.00     196.00      10.00
   87       4.00      18.00      35.00       0.00     184.00      10.00
   88      28.00      18.00      26.00      93.00     103.00      10.00
   89      26.00      52.00       9.00      74.00      84.00      10.00
   90      26.00      35.00      15.00       0.00     211.00      10.00
   91      31.00      67.00       3.00       0.00     187.00      10.00
   92      15.00      19.00       1.00       0.00     194.00      10.00
   93      22.00      22.00       2.00      18.00      28.00      10.00
   94      18.00      24.00      22.00     188.00     198.00      10.00
   95      26.00      27.00      27.00       0.00     207.00      10.00
   96      25.00      24.00      20.00       0.00     205.00      10.00
   97      22.00      27.00      11.00       0.00     204.00      10.00
   98      25.00      21.00      12.00       0.00     202.00      10.00
   99      19.00      21.00      10.00       0.00     198.00      10.00
  100      20.00      26.00       9.00      83.00      93.00      10.00
  101      18.00      18.00      17.00     185.00     195.00      10.00
R104
      CUST NO.   XCOORD.   YCOORD.   DEMAND    READY TIME   DUE DATE   SERVICE TIME
    1      35.00      35.00       0.00       0.00     230.00       0.00
    2      41.00      49.00      10.00       0.00     204.00      10.00
    3      35.00      17.00       7.00       0.00     202.00      10.00
    4      55.00      45.00      13.00       0.00     197.00      10.00
    5      55.00      20.00      19.00     149.00     159.00      10.00
    6      15.00      30.00      26.00       0.00     199.00      10.00
    7      25.00      30.00       3.00       0.00     208.00      10.00
    8      20.00      50.00       5.00       0.00     198.00      10.00
    9      10.00      43.00       9.00      95.00     105.00      10.00
   10      55.00      60.00      16.00      97.00     107.00      10.00
   11      30.00      60.00      16.00       0.00     194.00      10.00
   12      20.00      65.00      12.00      67.00      77.00      10.00
   13      50.00      35.00      19.00       0.00     205.00      10.00
   14      30.00      25.00      23.00     159.00     169.00      10.00
   15      15.00      10.00      20.00       0.00     187.00      10.00
   16      30.00       5.00       8.00      61.00      71.00      10.00
   17      10.00      20.00      19.00       0.00     190.00      10.00
   18       5.00      30.00       2.00       0.00     189.00      10.00
   19      20.00      40.00      12.00       0.00     204.00      10.00
   20      15.00      60.00      17.00       0.00     187.00      10.00
   21      45.00      65.00       9.00       0.00     188.00      10.00
   22      45.00      20.00      11.00       0.00     201.00      10.00
   23      45.00      10.00      18.00       0.00     193.00      10.00
   24      55.00       5.00      29.00      68.00      78.00      10.00
   25      65.00      35.00       3.00       0.00     190.00      10.00
   26      65.00      20.00       6.00     172.00     182.00      10.00
   27      45.00      30.00      17.00       0.00     208.00      10.00
   28      35.00      40.00      16.00       0.00     215.00      10.00
   29      41.00      37.00      16.00       0.00     213.00      10.00
   30      64.00      42.00       9.00       0.00     190.00      10.00
   31      40.00      60.00      21.00       0.00     194.00      10.00
   32      31.00      52.00      27.00       0.00     202.00      10.00
   33      35.00      69.00      23.00       0.00     186.00      10.00
   34      53.00      52.00      11.00       0.00     195.00      10.00
   35      65.00      55.00      14.00       0.00     183.00      10.00
   36      63.00      65.00       8.00       0.00     178.00      10.00
   37       2.00      60.00       5.00       0.00     178.00      10.00
   38      20.00      20.00       8.00       0.00     198.00      10.00
   39       5.00       5.00      16.00      83.00      93.00      10.00
   40      60.00      12.00      31.00       0.00     186.00      10.00
   41      40.00      25.00       9.00       0.00     208.00      10.00
   42      42.00       7.00       5.00       0.00     191.00      10.00
   43      24.00      12.00       5.00       0.00     194.00      10.00
   44      23.00       3.00       7.00       0.00     185.00      10.00
   45      11.00      14.00      18.00      69.00      79.00      10.00
   46       6.00      38.00      16.00       0.00     190.00      10.00
   47       2.00      48.00       1.00       0.00     184.00      10.00
   48       8.00      56.00      27.00       0.00     185.00      10.00
   49      13.00      52.00      36.00       0.00     192.00      10.00
   50       6.00      68.00      30.00       0.00     176.00      10.00
   51      47.00      47.00      13.00       0.00     203.00      10.00
   52      49.00      58.00      10.00       0.00     193.00      10.00
   53      27.00      43.00       9.00       0.00     208.00      10.00
   54      37.00      31.00      14.00      95.00     105.00      10.00
   55      57.00      29.00      18.00       0.00     197.00      10.00
   56      63.00      23.00       2.00     136.00     146.00      10.00
   57      53.00      12.00       6.00       0.00     190.00      10.00
   58      32.00      12.00       7.00       0.00     196.00      10.00
   59      36.00      26.00      18.00     200.00     210.00      10.00
   60      21.00      24.00      28.00       0.00     202.00      10.00
   61      17.00      34.00       3.00       0.00     201.00      10.00
   62      12.00      24.00      13.00       0.00     194.00      10.00
   63      24.00      58.00      19.00      58.00      68.00      10.00
   64      27.00      69.00      10.00       0.00     185.00      10.00
   65      15.00      77.00       9.00       0.00     173.00      10.00
   66      62.00      77.00      20.00       0.00     170.00      10.00
   67      49.00      73.00      25.00       0.00     179.00      10.00
   68      67.00       5.00      25.00      83.00      93.00      10.00
   69      56.00      39.00      36.00       0.00     198.00      10.00
   70      37.00      47.00       6.00      50.00      60.00      10.00
   71      37.00      56.00       5.00       0.00     198.00      10.00
   72      57.00      68.00      15.00       0.00     180.00      10.00
   73      47.00      16.00      25.00       0.00     197.00      10.00
   74      44.00      17.00       9.00       0.00     199.00      10.00
   75      46.00      13.00       8.00     149.00     159.00      10.00
   76      49.00      11.00      18.00       0.00     192.00      10.00
   77      49.00      42.00      13.00      73.00      83.00      10.00
   78      53.00      43.00      14.00     179.00     189.00      10.00
   79      61.00      52.00       3.00       0.00     188.00      10.00
   80      57.00      48.00      23.00      92.00     102.00      10.00
   81      56.00      37.00       6.00       0.00     198.00      10.00
   82      55.00      54.00      26.00       0.00     192.00      10.00
   83      15.00      47.00      16.00       0.00     196.00      10.00
   84      14.00      37.00      11.00       0.00     198.00      10.00
   85      11.00      31.00       7.00     101.00     111.00      10.00
   86      16.00      22.00      41.00       0.00     196.00      10.00
   87       4.00      18.00      35.00       0.00     184.00      10.00
   88      28.00      18.00      26.00      93.00     103.00      10.00
   89      26.00      52.00       9.00       0.00     200.00      10.00
   90      26.00      35.00      15.00       0.00     211.00      10.00
   91      31.00      67.00       3.00       0.00     187.00      10.00
   92      15.00      19.00       1.00       0.00     194.00      10.00
   93      22.00      22.00       2.00      18.00      28.00      10.00
   94      18.00      24.00      22.00       0.00     199.00      10.00
   95      26.00      27.00      27.00       0.00     207.00      10.00
   96      25.00      24.00      20.00       0.00     205.00      10.00
   97      22.00      27.00      11.00       0.00     204.00      10.00
   98      25.00      21.00      12.00       0.00     202.00      10.00
   99      19.00      21.00      10.00       0.00     198.00      10.00
  100      20.00      26.00       9.00      83.00      93.00      10.00
  101      18.00      18.00      17.00     185.00     195.00      10.00
R105
      CUST NO.   XCOORD.   YCOORD.   DEMAND    READY TIME   DUE DATE   SERVICE TIME

    1      35.00      35.00       0.00       0.00     230.00       0.00
    2      41.00      49.00      10.00     151.00     181.00      10.00
    3      35.00      17.00       7.00      40.00      70.00      10.00
    4      55.00      45.00      13.00     106.00     136.00      10.00
    5      55.00      20.00      19.00     139.00     169.00      10.00
    6      15.00      30.00      26.00      24.00      54.00      10.00
    7      25.00      30.00       3.00      89.00     119.00      10.00
    8      20.00      50.00       5.00      71.00     101.00      10.00
    9      10.00      43.00       9.00      85.00     115.00      10.00
   10      55.00      60.00      16.00      87.00     117.00      10.00
   11      30.00      60.00      16.00     114.00     144.00      10.00
   12      20.00      65.00      12.00      57.00      87.00      10.00
   13      50.00      35.00      19.00      53.00      83.00      10.00
   14      30.00      25.00      23.00     149.00     179.00      10.00
   15      15.00      10.00      20.00      32.00      62.00      10.00
   16      30.00       5.00       8.00      51.00      81.00      10.00
   17      10.00      20.00      19.00      65.00      95.00      10.00
   18       5.00      30.00       2.00     147.00     177.00      10.00
   19      20.00      40.00      12.00      77.00     107.00      10.00
   20      15.00      60.00      17.00      66.00      96.00      10.00
   21      45.00      65.00       9.00     116.00     146.00      10.00
   22      45.00      20.00      11.00      52.00      82.00      10.00
   23      45.00      10.00      18.00      87.00     117.00      10.00
   24      55.00       5.00      29.00      58.00      88.00      10.00
   25      65.00      35.00       3.00     143.00     173.00      10.00
   26      65.00      20.00       6.00     156.00     186.00      10.00
   27      45.00      30.00      17.00     122.00     152.00      10.00
   28      35.00      40.00      16.00      27.00      57.00      10.00
   29      41.00      37.00      16.00      29.00      59.00      10.00
   30      64.00      42.00       9.00      53.00      83.00      10.00
   31      40.00      60.00      21.00      61.00      91.00      10.00
   32      31.00      52.00      27.00      40.00      70.00      10.00
   33      35.00      69.00      23.00     131.00     161.00      10.00
   34      53.00      52.00      11.00      27.00      57.00      10.00
   35      65.00      55.00      14.00     107.00     137.00      10.00
   36      63.00      65.00       8.00     133.00     163.00      10.00
   37       2.00      60.00       5.00      41.00      71.00      10.00
   38      20.00      20.00       8.00     124.00     154.00      10.00
   39       5.00       5.00      16.00      73.00     103.00      10.00
   40      60.00      12.00      31.00      34.00      64.00      10.00
   41      40.00      25.00       9.00      75.00     105.00      10.00
   42      42.00       7.00       5.00      87.00     117.00      10.00
   43      24.00      12.00       5.00      25.00      55.00      10.00
   44      23.00       3.00       7.00     122.00     152.00      10.00
   45      11.00      14.00      18.00      59.00      89.00      10.00
   46       6.00      38.00      16.00      29.00      59.00      10.00
   47       2.00      48.00       1.00     107.00     137.00      10.00
   48       8.00      56.00      27.00      41.00      71.00      10.00
   49      13.00      52.00      36.00     155.00     185.00      10.00
   50       6.00      68.00      30.00      98.00     128.00      10.00
   51      47.00      47.00      13.00     114.00     144.00      10.00
   52      49.00      58.00      10.00      78.00     108.00      10.00
   53      27.00      43.00       9.00      42.00      72.00      10.00
   54      37.00      31.00      14.00      85.00     115.00      10.00
   55      57.00      29.00      18.00     130.00     160.00      10.00
   56      63.00      23.00       2.00     126.00     156.00      10.00
   57      53.00      12.00       6.00     120.00     150.00      10.00
   58      32.00      12.00       7.00      91.00     121.00      10.00
   59      36.00      26.00      18.00     180.00     210.00      10.00
   60      21.00      24.00      28.00      17.00      47.00      10.00
   61      17.00      34.00       3.00     152.00     182.00      10.00
   62      12.00      24.00      13.00      66.00      96.00      10.00
   63      24.00      58.00      19.00      48.00      78.00      10.00
   64      27.00      69.00      10.00      34.00      64.00      10.00
   65      15.00      77.00       9.00      63.00      93.00      10.00
   66      62.00      77.00      20.00      49.00      79.00      10.00
   67      49.00      73.00      25.00     117.00     147.00      10.00
   68      67.00       5.00      25.00      73.00     103.00      10.00
   69      56.00      39.00      36.00     132.00     162.00      10.00
   70      37.00      47.00       6.00      40.00      70.00      10.00
   71      37.00      56.00       5.00     168.00     198.00      10.00
   72      57.00      68.00      15.00      67.00      97.00      10.00
   73      47.00      16.00      25.00      25.00      55.00      10.00
   74      44.00      17.00       9.00      68.00      98.00      10.00
   75      46.00      13.00       8.00     139.00     169.00      10.00
   76      49.00      11.00      18.00      59.00      89.00      10.00
   77      49.00      42.00      13.00      63.00      93.00      10.00
   78      53.00      43.00      14.00     169.00     199.00      10.00
   79      61.00      52.00       3.00      86.00     116.00      10.00
   80      57.00      48.00      23.00      82.00     112.00      10.00
   81      56.00      37.00       6.00     168.00     198.00      10.00
   82      55.00      54.00      26.00      84.00     114.00      10.00
   83      15.00      47.00      16.00      45.00      75.00      10.00
   84      14.00      37.00      11.00      34.00      64.00      10.00
   85      11.00      31.00       7.00      91.00     121.00      10.00
   86      16.00      22.00      41.00      81.00     111.00      10.00
   87       4.00      18.00      35.00      84.00     114.00      10.00
   88      28.00      18.00      26.00      83.00     113.00      10.00
   89      26.00      52.00       9.00      64.00      94.00      10.00
   90      26.00      35.00      15.00     166.00     196.00      10.00
   91      31.00      67.00       3.00      85.00     115.00      10.00
   92      15.00      19.00       1.00     150.00     180.00      10.00
   93      22.00      22.00       2.00      18.00      48.00      10.00
   94      18.00      24.00      22.00     169.00     199.00      10.00
   95      26.00      27.00      27.00      90.00     120.00      10.00
   96      25.00      24.00      20.00      29.00      59.00      10.00
   97      22.00      27.00      11.00     125.00     155.00      10.00
   98      25.00      21.00      12.00     123.00     153.00      10.00
   99      19.00      21.00      10.00      48.00      78.00      10.00
  100      20.00      26.00       9.00      73.00     103.00      10.00
  101      18.00      18.00      17.00     165.00     195.00      10.00
R106
      CUST NO.   XCOORD.   YCOORD.   DEMAND    READY TIME   DUE DATE   SERVICE TIME
    1      35.00      35.00       0.00       0.00     230.00       0.00
    2      41.00      49.00      10.00       0.00     204.00      10.00
    3      35.00      17.00       7.00       0.00     202.00      10.00
    4      55.00      45.00      13.00       0.00     197.00      10.00
    5      55.00      20.00      19.00     139.00     169.00      10.00
    6      15.00      30.00      26.00       0.00     199.00      10.00
    7      25.00      30.00       3.00      89.00     119.00      10.00
    8      20.00      50.00       5.00       0.00     198.00      10.00
    9      10.00      43.00       9.00      85.00     115.00      10.00
   10      55.00      60.00      16.00      87.00     117.00      10.00
   11      30.00      60.00      16.00     114.00     144.00      10.00
   12      20.00      65.00      12.00      57.00      87.00      10.00
   13      50.00      35.00      19.00       0.00     205.00      10.00
   14      30.00      25.00      23.00     149.00     179.00      10.00
   15      15.00      10.00      20.00      32.00      62.00      10.00
   16      30.00       5.00       8.00      51.00      81.00      10.00
   17      10.00      20.00      19.00      65.00      95.00      10.00
   18       5.00      30.00       2.00     147.00     177.00      10.00
   19      20.00      40.00      12.00      77.00     107.00      10.00
   20      15.00      60.00      17.00      66.00      96.00      10.00
   21      45.00      65.00       9.00     116.00     146.00      10.00
   22      45.00      20.00      11.00       0.00     201.00      10.00
   23      45.00      10.00      18.00      87.00     117.00      10.00
   24      55.00       5.00      29.00      58.00      88.00      10.00
   25      65.00      35.00       3.00     143.00     173.00      10.00
   26      65.00      20.00       6.00     156.00     186.00      10.00
   27      45.00      30.00      17.00       0.00     208.00      10.00
   28      35.00      40.00      16.00      27.00      57.00      10.00
   29      41.00      37.00      16.00      29.00      59.00      10.00
   30      64.00      42.00       9.00      53.00      83.00      10.00
   31      40.00      60.00      21.00      61.00      91.00      10.00
   32      31.00      52.00      27.00       0.00     202.00      10.00
   33      35.00      69.00      23.00     131.00     161.00      10.00
   34      53.00      52.00      11.00      27.00      57.00      10.00
   35      65.00      55.00      14.00       0.00     183.00      10.00
   36      63.00      65.00       8.00     133.00     163.00      10.00
   37       2.00      60.00       5.00      41.00      71.00      10.00
   38      20.00      20.00       8.00       0.00     198.00      10.00
   39       5.00       5.00      16.00      73.00     103.00      10.00
   40      60.00      12.00      31.00      34.00      64.00      10.00
   41      40.00      25.00       9.00      75.00     105.00      10.00
   42      42.00       7.00       5.00      87.00     117.00      10.00
   43      24.00      12.00       5.00      25.00      55.00      10.00
   44      23.00       3.00       7.00     122.00     152.00      10.00
   45      11.00      14.00      18.00      59.00      89.00      10.00
   46       6.00      38.00      16.00      29.00      59.00      10.00
   47       2.00      48.00       1.00     107.00     137.00      10.00
   48       8.00      56.00      27.00      41.00      71.00      10.00
   49      13.00      52.00      36.00       0.00     192.00      10.00
   50       6.00      68.00      30.00      98.00     128.00      10.00
   51      47.00      47.00      13.00       0.00     203.00      10.00
   52      49.00      58.00      10.00      78.00     108.00      10.00
   53      27.00      43.00       9.00       0.00     208.00      10.00
   54      37.00      31.00      14.00      85.00     115.00      10.00
   55      57.00      29.00      18.00     130.00     160.00      10.00
   56      63.00      23.00       2.00     126.00     156.00      10.00
   57      53.00      12.00       6.00     120.00     150.00      10.00
   58      32.00      12.00       7.00      91.00     121.00      10.00
   59      36.00      26.00      18.00     180.00     210.00      10.00
   60      21.00      24.00      28.00       0.00     202.00      10.00
   61      17.00      34.00       3.00     152.00     182.00      10.00
   62      12.00      24.00      13.00      66.00      96.00      10.00
   63      24.00      58.00      19.00      48.00      78.00      10.00
   64      27.00      69.00      10.00      34.00      64.00      10.00
   65      15.00      77.00       9.00      63.00      93.00      10.00
   66      62.00      77.00      20.00      49.00      79.00      10.00
   67      49.00      73.00      25.00     117.00     147.00      10.00
   68      67.00       5.00      25.00      73.00     103.00      10.00
   69      56.00      39.00      36.00     132.00     162.00      10.00
   70      37.00      47.00       6.00      40.00      70.00      10.00
   71      37.00      56.00       5.00     168.00     198.00      10.00
   72      57.00      68.00      15.00      67.00      97.00      10.00
   73      47.00      16.00      25.00       0.00     197.00      10.00
   74      44.00      17.00       9.00      68.00      98.00      10.00
   75      46.00      13.00       8.00     139.00     169.00      10.00
   76      49.00      11.00      18.00       0.00     192.00      10.00
   77      49.00      42.00      13.00      63.00      93.00      10.00
   78      53.00      43.00      14.00     169.00     199.00      10.00
   79      61.00      52.00       3.00      86.00     116.00      10.00
   80      57.00      48.00      23.00      82.00     112.00      10.00
   81      56.00      37.00       6.00     168.00     198.00      10.00
   82      55.00      54.00      26.00      84.00     114.00      10.00
   83      15.00      47.00      16.00       0.00     196.00      10.00
   84      14.00      37.00      11.00       0.00     198.00      10.00
   85      11.00      31.00       7.00      91.00     121.00      10.00
   86      16.00      22.00      41.00       0.00     196.00      10.00
   87       4.00      18.00      35.00      84.00     114.00      10.00
   88      28.00      18.00      26.00      83.00     113.00      10.00
   89      26.00      52.00       9.00      64.00      94.00      10.00
   90      26.00      35.00      15.00     166.00     196.00      10.00
   91      31.00      67.00       3.00      85.00     115.00      10.00
   92      15.00      19.00       1.00       0.00     194.00      10.00
   93      22.00      22.00       2.00      18.00      48.00      10.00
   94      18.00      24.00      22.00     169.00     199.00      10.00
   95      26.00      27.00      27.00       0.00     207.00      10.00
   96      25.00      24.00      20.00       0.00     205.00      10.00
   97      22.00      27.00      11.00       0.00     204.00      10.00
   98      25.00      21.00      12.00     123.00     153.00      10.00
   99      19.00      21.00      10.00       0.00     198.00      10.00
  100      20.00      26.00       9.00      73.00     103.00      10.00
  101      18.00      18.00      17.00     165.00     195.00      10.00

R107
      CUST NO.   XCOORD.   YCOORD.   DEMAND    READY TIME   DUE DATE   SERVICE TIME
    1      35.00      35.00       0.00       0.00     230.00       0.00
    2      41.00      49.00      10.00       0.00     204.00      10.00
    3      35.00      17.00       7.00       0.00     202.00      10.00
    4      55.00      45.00      13.00       0.00     197.00      10.00
    5      55.00      20.00      19.00     139.00     169.00      10.00
    6      15.00      30.00      26.00       0.00     199.00      10.00
    7      25.00      30.00       3.00      89.00     119.00      10.00
    8      20.00      50.00       5.00       0.00     198.00      10.00
    9      10.00      43.00       9.00      85.00     115.00      10.00
   10      55.00      60.00      16.00      87.00     117.00      10.00
   11      30.00      60.00      16.00     114.00     144.00      10.00
   12      20.00      65.00      12.00      57.00      87.00      10.00
   13      50.00      35.00      19.00       0.00     205.00      10.00
   14      30.00      25.00      23.00     149.00     179.00      10.00
   15      15.00      10.00      20.00       0.00     187.00      10.00
   16      30.00       5.00       8.00      51.00      81.00      10.00
   17      10.00      20.00      19.00       0.00     190.00      10.00
   18       5.00      30.00       2.00     147.00     177.00      10.00
   19      20.00      40.00      12.00       0.00     204.00      10.00
   20      15.00      60.00      17.00       0.00     187.00      10.00
   21      45.00      65.00       9.00       0.00     188.00      10.00
   22      45.00      20.00      11.00       0.00     201.00      10.00
   23      45.00      10.00      18.00      87.00     117.00      10.00
   24      55.00       5.00      29.00      58.00      88.00      10.00
   25      65.00      35.00       3.00       0.00     190.00      10.00
   26      65.00      20.00       6.00     156.00     186.00      10.00
   27      45.00      30.00      17.00       0.00     208.00      10.00
   28      35.00      40.00      16.00      27.00      57.00      10.00
   29      41.00      37.00      16.00       0.00     213.00      10.00
   30      64.00      42.00       9.00       0.00     190.00      10.00
   31      40.00      60.00      21.00      61.00      91.00      10.00
   32      31.00      52.00      27.00       0.00     202.00      10.00
   33      35.00      69.00      23.00       0.00     186.00      10.00
   34      53.00      52.00      11.00      27.00      57.00      10.00
   35      65.00      55.00      14.00       0.00     183.00      10.00
   36      63.00      65.00       8.00     133.00     163.00      10.00
   37       2.00      60.00       5.00      41.00      71.00      10.00
   38      20.00      20.00       8.00       0.00     198.00      10.00
   39       5.00       5.00      16.00      73.00     103.00      10.00
   40      60.00      12.00      31.00      34.00      64.00      10.00
   41      40.00      25.00       9.00      75.00     105.00      10.00
   42      42.00       7.00       5.00      87.00     117.00      10.00
   43      24.00      12.00       5.00      25.00      55.00      10.00
   44      23.00       3.00       7.00       0.00     185.00      10.00
   45      11.00      14.00      18.00      59.00      89.00      10.00
   46       6.00      38.00      16.00      29.00      59.00      10.00
   47       2.00      48.00       1.00       0.00     184.00      10.00
   48       8.00      56.00      27.00       0.00     185.00      10.00
   49      13.00      52.00      36.00       0.00     192.00      10.00
   50       6.00      68.00      30.00      98.00     128.00      10.00
   51      47.00      47.00      13.00       0.00     203.00      10.00
   52      49.00      58.00      10.00       0.00     193.00      10.00
   53      27.00      43.00       9.00       0.00     208.00      10.00
   54      37.00      31.00      14.00      85.00     115.00      10.00
   55      57.00      29.00      18.00       0.00     197.00      10.00
   56      63.00      23.00       2.00     126.00     156.00      10.00
   57      53.00      12.00       6.00     120.00     150.00      10.00
   58      32.00      12.00       7.00       0.00     196.00      10.00
   59      36.00      26.00      18.00     180.00     210.00      10.00
   60      21.00      24.00      28.00       0.00     202.00      10.00
   61      17.00      34.00       3.00       0.00     201.00      10.00
   62      12.00      24.00      13.00       0.00     194.00      10.00
   63      24.00      58.00      19.00      48.00      78.00      10.00
   64      27.00      69.00      10.00       0.00     185.00      10.00
   65      15.00      77.00       9.00      63.00      93.00      10.00
   66      62.00      77.00      20.00      49.00      79.00      10.00
   67      49.00      73.00      25.00     117.00     147.00      10.00
   68      67.00       5.00      25.00      73.00     103.00      10.00
   69      56.00      39.00      36.00     132.00     162.00      10.00
   70      37.00      47.00       6.00      40.00      70.00      10.00
   71      37.00      56.00       5.00     168.00     198.00      10.00
   72      57.00      68.00      15.00       0.00     180.00      10.00
   73      47.00      16.00      25.00       0.00     197.00      10.00
   74      44.00      17.00       9.00       0.00     199.00      10.00
   75      46.00      13.00       8.00     139.00     169.00      10.00
   76      49.00      11.00      18.00       0.00     192.00      10.00
   77      49.00      42.00      13.00      63.00      93.00      10.00
   78      53.00      43.00      14.00     169.00     199.00      10.00
   79      61.00      52.00       3.00      86.00     116.00      10.00
   80      57.00      48.00      23.00      82.00     112.00      10.00
   81      56.00      37.00       6.00     168.00     198.00      10.00
   82      55.00      54.00      26.00       0.00     192.00      10.00
   83      15.00      47.00      16.00       0.00     196.00      10.00
   84      14.00      37.00      11.00       0.00     198.00      10.00
   85      11.00      31.00       7.00      91.00     121.00      10.00
   86      16.00      22.00      41.00       0.00     196.00      10.00
   87       4.00      18.00      35.00       0.00     184.00      10.00
   88      28.00      18.00      26.00      83.00     113.00      10.00
   89      26.00      52.00       9.00      64.00      94.00      10.00
   90      26.00      35.00      15.00       0.00     211.00      10.00
   91      31.00      67.00       3.00       0.00     187.00      10.00
   92      15.00      19.00       1.00       0.00     194.00      10.00
   93      22.00      22.00       2.00      18.00      48.00      10.00
   94      18.00      24.00      22.00     169.00     199.00      10.00
   95      26.00      27.00      27.00       0.00     207.00      10.00
   96      25.00      24.00      20.00       0.00     205.00      10.00
   97      22.00      27.00      11.00       0.00     204.00      10.00
   98      25.00      21.00      12.00       0.00     202.00      10.00
   99      19.00      21.00      10.00       0.00     198.00      10.00
  100      20.00      26.00       9.00      73.00     103.00      10.00
  101      18.00      18.00      17.00     165.00     195.00      10.00
R108
      CUST NO.   XCOORD.   YCOORD.   DEMAND    READY TIME   DUE DATE   SERVICE TIME
    1      35.00      35.00       0.00       0.00     230.00       0.00
    2      41.00      49.00      10.00       0.00     204.00      10.00
    3      35.00      17.00       7.00       0.00     202.00      10.00
    4      55.00      45.00      13.00       0.00     197.00      10.00
    5      55.00      20.00      19.00     139.00     169.00      10.00
    6      15.00      30.00      26.00       0.00     199.00      10.00
    7      25.00      30.00       3.00       0.00     208.00      10.00
    8      20.00      50.00       5.00       0.00     198.00      10.00
    9      10.00      43.00       9.00      85.00     115.00      10.00
   10      55.00      60.00      16.00      87.00     117.00      10.00
   11      30.00      60.00      16.00       0.00     194.00      10.00
   12      20.00      65.00      12.00      57.00      87.00      10.00
   13      50.00      35.00      19.00       0.00     205.00      10.00
   14      30.00      25.00      23.00     149.00     179.00      10.00
   15      15.00      10.00      20.00       0.00     187.00      10.00
   16      30.00       5.00       8.00      51.00      81.00      10.00
   17      10.00      20.00      19.00       0.00     190.00      10.00
   18       5.00      30.00       2.00       0.00     189.00      10.00
   19      20.00      40.00      12.00       0.00     204.00      10.00
   20      15.00      60.00      17.00       0.00     187.00      10.00
   21      45.00      65.00       9.00       0.00     188.00      10.00
   22      45.00      20.00      11.00       0.00     201.00      10.00
   23      45.00      10.00      18.00       0.00     193.00      10.00
   24      55.00       5.00      29.00      58.00      88.00      10.00
   25      65.00      35.00       3.00       0.00     190.00      10.00
   26      65.00      20.00       6.00     156.00     186.00      10.00
   27      45.00      30.00      17.00       0.00     208.00      10.00
   28      35.00      40.00      16.00       0.00     215.00      10.00
   29      41.00      37.00      16.00       0.00     213.00      10.00
   30      64.00      42.00       9.00       0.00     190.00      10.00
   31      40.00      60.00      21.00       0.00     194.00      10.00
   32      31.00      52.00      27.00       0.00     202.00      10.00
   33      35.00      69.00      23.00       0.00     186.00      10.00
   34      53.00      52.00      11.00       0.00     195.00      10.00
   35      65.00      55.00      14.00       0.00     183.00      10.00
   36      63.00      65.00       8.00       0.00     178.00      10.00
   37       2.00      60.00       5.00       0.00     178.00      10.00
   38      20.00      20.00       8.00       0.00     198.00      10.00
   39       5.00       5.00      16.00      73.00     103.00      10.00
   40      60.00      12.00      31.00       0.00     186.00      10.00
   41      40.00      25.00       9.00       0.00     208.00      10.00
   42      42.00       7.00       5.00       0.00     191.00      10.00
   43      24.00      12.00       5.00       0.00     194.00      10.00
   44      23.00       3.00       7.00       0.00     185.00      10.00
   45      11.00      14.00      18.00      59.00      89.00      10.00
   46       6.00      38.00      16.00       0.00     190.00      10.00
   47       2.00      48.00       1.00       0.00     184.00      10.00
   48       8.00      56.00      27.00       0.00     185.00      10.00
   49      13.00      52.00      36.00       0.00     192.00      10.00
   50       6.00      68.00      30.00       0.00     176.00      10.00
   51      47.00      47.00      13.00       0.00     203.00      10.00
   52      49.00      58.00      10.00       0.00     193.00      10.00
   53      27.00      43.00       9.00       0.00     208.00      10.00
   54      37.00      31.00      14.00      85.00     115.00      10.00
   55      57.00      29.00      18.00       0.00     197.00      10.00
   56      63.00      23.00       2.00     126.00     156.00      10.00
   57      53.00      12.00       6.00       0.00     190.00      10.00
   58      32.00      12.00       7.00       0.00     196.00      10.00
   59      36.00      26.00      18.00     180.00     210.00      10.00
   60      21.00      24.00      28.00       0.00     202.00      10.00
   61      17.00      34.00       3.00       0.00     201.00      10.00
   62      12.00      24.00      13.00       0.00     194.00      10.00
   63      24.00      58.00      19.00      48.00      78.00      10.00
   64      27.00      69.00      10.00       0.00     185.00      10.00
   65      15.00      77.00       9.00       0.00     173.00      10.00
   66      62.00      77.00      20.00       0.00     170.00      10.00
   67      49.00      73.00      25.00       0.00     179.00      10.00
   68      67.00       5.00      25.00      73.00     103.00      10.00
   69      56.00      39.00      36.00       0.00     198.00      10.00
   70      37.00      47.00       6.00      40.00      70.00      10.00
   71      37.00      56.00       5.00       0.00     198.00      10.00
   72      57.00      68.00      15.00       0.00     180.00      10.00
   73      47.00      16.00      25.00       0.00     197.00      10.00
   74      44.00      17.00       9.00       0.00     199.00      10.00
   75      46.00      13.00       8.00     139.00     169.00      10.00
   76      49.00      11.00      18.00       0.00     192.00      10.00
   77      49.00      42.00      13.00      63.00      93.00      10.00
   78      53.00      43.00      14.00     169.00     199.00      10.00
   79      61.00      52.00       3.00       0.00     188.00      10.00
   80      57.00      48.00      23.00      82.00     112.00      10.00
   81      56.00      37.00       6.00       0.00     198.00      10.00
   82      55.00      54.00      26.00       0.00     192.00      10.00
   83      15.00      47.00      16.00       0.00     196.00      10.00
   84      14.00      37.00      11.00       0.00     198.00      10.00
   85      11.00      31.00       7.00      91.00     121.00      10.00
   86      16.00      22.00      41.00       0.00     196.00      10.00
   87       4.00      18.00      35.00       0.00     184.00      10.00
   88      28.00      18.00      26.00      83.00     113.00      10.00
   89      26.00      52.00       9.00       0.00     200.00      10.00
   90      26.00      35.00      15.00       0.00     211.00      10.00
   91      31.00      67.00       3.00       0.00     187.00      10.00
   92      15.00      19.00       1.00       0.00     194.00      10.00
   93      22.00      22.00       2.00      18.00      48.00      10.00
   94      18.00      24.00      22.00       0.00     199.00      10.00
   95      26.00      27.00      27.00       0.00     207.00      10.00
   96      25.00      24.00      20.00       0.00     205.00      10.00
   97      22.00      27.00      11.00       0.00     204.00      10.00
   98      25.00      21.00      12.00       0.00     202.00      10.00
   99      19.00      21.00      10.00       0.00     198.00      10.00
  100      20.00      26.00       9.00      73.00     103.00      10.00
  101      18.00      18.00      17.00     165.00     195.00      10.00
R109
      CUST NO.   XCOORD.   YCOORD.   DEMAND    READY TIME   DUE DATE   SERVICE TIME
    1      35.00      35.00       0.00       0.00     230.00       0.00
    2      41.00      49.00      10.00     133.00     198.00      10.00
    3      35.00      17.00       7.00      22.00      87.00      10.00
    4      55.00      45.00      13.00      98.00     143.00      10.00
    5      55.00      20.00      19.00     123.00     184.00      10.00
    6      15.00      30.00      26.00      20.00      93.00      10.00
    7      25.00      30.00       3.00      76.00     131.00      10.00
    8      20.00      50.00       5.00      61.00     110.00      10.00
    9      10.00      43.00       9.00      75.00     124.00      10.00
   10      55.00      60.00      16.00      74.00     129.00      10.00
   11      30.00      60.00      16.00     107.00     150.00      10.00
   12      20.00      65.00      12.00      42.00     101.00      10.00
   13      50.00      35.00      19.00      38.00      97.00      10.00
   14      30.00      25.00      23.00     131.00     196.00      10.00
   15      15.00      10.00      20.00      32.00     114.00      10.00
   16      30.00       5.00       8.00      35.00      96.00      10.00
   17      10.00      20.00      19.00      52.00     107.00      10.00
   18       5.00      30.00       2.00     124.00     189.00      10.00
   19      20.00      40.00      12.00      69.00     114.00      10.00
   20      15.00      60.00      17.00      52.00     109.00      10.00
   21      45.00      65.00       9.00     105.00     156.00      10.00
   22      45.00      20.00      11.00      37.00      96.00      10.00
   23      45.00      10.00      18.00      76.00     127.00      10.00
   24      55.00       5.00      29.00      43.00     102.00      10.00
   25      65.00      35.00       3.00     124.00     190.00      10.00
   26      65.00      20.00       6.00     121.00     186.00      10.00
   27      45.00      30.00      17.00     112.00     161.00      10.00
   28      35.00      40.00      16.00       8.00      75.00      10.00
   29      41.00      37.00      16.00      11.00      76.00      10.00
   30      64.00      42.00       9.00      37.00      98.00      10.00
   31      40.00      60.00      21.00      49.00     102.00      10.00
   32      31.00      52.00      27.00      24.00      85.00      10.00
   33      35.00      69.00      23.00     116.00     175.00      10.00
   34      53.00      52.00      11.00      24.00      92.00      10.00
   35      65.00      55.00      14.00      96.00     147.00      10.00
   36      63.00      65.00       8.00     116.00     178.00      10.00
   37       2.00      60.00       5.00      41.00     112.00      10.00
   38      20.00      20.00       8.00     113.00     164.00      10.00
   39       5.00       5.00      16.00      60.00     115.00      10.00
   40      60.00      12.00      31.00      33.00     110.00      10.00
   41      40.00      25.00       9.00      65.00     114.00      10.00
   42      42.00       7.00       5.00      72.00     131.00      10.00
   43      24.00      12.00       5.00      25.00      91.00      10.00
   44      23.00       3.00       7.00     111.00     162.00      10.00
   45      11.00      14.00      18.00      45.00     102.00      10.00
   46       6.00      38.00      16.00      29.00      99.00      10.00
   47       2.00      48.00       1.00      92.00     151.00      10.00
   48       8.00      56.00      27.00      34.00     105.00      10.00
   49      13.00      52.00      36.00     128.00     192.00      10.00
   50       6.00      68.00      30.00      93.00     132.00      10.00
   51      47.00      47.00      13.00     102.00     155.00      10.00
   52      49.00      58.00      10.00      64.00     121.00      10.00
   53      27.00      43.00       9.00      26.00      87.00      10.00
   54      37.00      31.00      14.00      75.00     124.00      10.00
   55      57.00      29.00      18.00     118.00     171.00      10.00
   56      63.00      23.00       2.00     111.00     170.00      10.00
   57      53.00      12.00       6.00     106.00     163.00      10.00
   58      32.00      12.00       7.00      77.00     134.00      10.00
   59      36.00      26.00      18.00     147.00     210.00      10.00
   60      21.00      24.00      28.00      17.00     100.00      10.00
   61      17.00      34.00       3.00     134.00     199.00      10.00
   62      12.00      24.00      13.00      55.00     106.00      10.00
   63      24.00      58.00      19.00      30.00      95.00      10.00
   64      27.00      69.00      10.00      34.00     103.00      10.00
   65      15.00      77.00       9.00      48.00     107.00      10.00
   66      62.00      77.00      20.00      49.00     113.00      10.00
   67      49.00      73.00      25.00     104.00     159.00      10.00
   68      67.00       5.00      25.00      59.00     116.00      10.00
   69      56.00      39.00      36.00     117.00     176.00      10.00
   70      37.00      47.00       6.00      23.00      86.00      10.00
   71      37.00      56.00       5.00     123.00     198.00      10.00
   72      57.00      68.00      15.00      54.00     109.00      10.00
   73      47.00      16.00      25.00      22.00      96.00      10.00
   74      44.00      17.00       9.00      56.00     109.00      10.00
   75      46.00      13.00       8.00     123.00     184.00      10.00
   76      49.00      11.00      18.00      45.00     102.00      10.00
   77      49.00      42.00      13.00      52.00     103.00      10.00
   78      53.00      43.00      14.00     136.00     200.00      10.00
   79      61.00      52.00       3.00      71.00     130.00      10.00
   80      57.00      48.00      23.00      72.00     121.00      10.00
   81      56.00      37.00       6.00     135.00     198.00      10.00
   82      55.00      54.00      26.00      78.00     119.00      10.00
   83      15.00      47.00      16.00      29.00      90.00      10.00
   84      14.00      37.00      11.00      21.00      89.00      10.00
   85      11.00      31.00       7.00      81.00     130.00      10.00
   86      16.00      22.00      41.00      70.00     121.00      10.00
   87       4.00      18.00      35.00      74.00     123.00      10.00
   88      28.00      18.00      26.00      79.00     116.00      10.00
   89      26.00      52.00       9.00      50.00     107.00      10.00
   90      26.00      35.00      15.00     139.00     211.00      10.00
   91      31.00      67.00       3.00      73.00     126.00      10.00
   92      15.00      19.00       1.00     132.00     194.00      10.00
   93      22.00      22.00       2.00      18.00      88.00      10.00
   94      18.00      24.00      22.00     129.00     199.00      10.00
   95      26.00      27.00      27.00      81.00     128.00      10.00
   96      25.00      24.00      20.00      14.00      78.00      10.00
   97      22.00      27.00      11.00     114.00     165.00      10.00
   98      25.00      21.00      12.00     115.00     160.00      10.00
   99      19.00      21.00      10.00      32.00      93.00      10.00
  100      20.00      26.00       9.00      60.00     115.00      10.00
  101      18.00      18.00      17.00     123.00     195.00      10.00
R110
      CUST NO.   XCOORD.   YCOORD.   DEMAND    READY TIME   DUE DATE   SERVICE TIME
    1      35.00      35.00       0.00       0.00     230.00       0.00
    2      41.00      49.00      10.00     130.00     201.00      10.00
    3      35.00      17.00       7.00      20.00      89.00      10.00
    4      55.00      45.00      13.00     106.00     135.00      10.00
    5      55.00      20.00      19.00      71.00     195.00      10.00
    6      15.00      30.00      26.00      20.00     107.00      10.00
    7      25.00      30.00       3.00      54.00     153.00      10.00
    8      20.00      50.00       5.00      66.00     105.00      10.00
    9      10.00      43.00       9.00      61.00     138.00      10.00
   10      55.00      60.00      16.00      53.00     150.00      10.00
   11      30.00      60.00      16.00     101.00     156.00      10.00
   12      20.00      65.00      12.00      33.00     152.00      10.00
   13      50.00      35.00      19.00      38.00      97.00      10.00
   14      30.00      25.00      23.00      70.00     208.00      10.00
   15      15.00      10.00      20.00      32.00     137.00      10.00
   16      30.00       5.00       8.00      30.00     154.00      10.00
   17      10.00      20.00      19.00      54.00     105.00      10.00
   18       5.00      30.00       2.00      51.00     189.00      10.00
   19      20.00      40.00      12.00      77.00     106.00      10.00
   20      15.00      60.00      17.00      53.00     108.00      10.00
   21      45.00      65.00       9.00     109.00     152.00      10.00
   22      45.00      20.00      11.00      37.00      96.00      10.00
   23      45.00      10.00      18.00      59.00     144.00      10.00
   24      55.00       5.00      29.00      36.00     155.00      10.00
   25      65.00      35.00       3.00     118.00     190.00      10.00
   26      65.00      20.00       6.00      47.00     186.00      10.00
   27      45.00      30.00      17.00     117.00     156.00      10.00
   28      35.00      40.00      16.00       5.00     156.00      10.00
   29      41.00      37.00      16.00       8.00      79.00      10.00
   30      64.00      42.00       9.00      37.00      98.00      10.00
   31      40.00      60.00      21.00      28.00     123.00      10.00
   32      31.00      52.00      27.00      24.00      85.00      10.00
   33      35.00      69.00      23.00     116.00     175.00      10.00
   34      53.00      52.00      11.00      24.00     179.00      10.00
   35      65.00      55.00      14.00     100.00     143.00      10.00
   36      63.00      65.00       8.00      50.00     178.00      10.00
   37       2.00      60.00       5.00      41.00     178.00      10.00
   38      20.00      20.00       8.00     117.00     160.00      10.00
   39       5.00       5.00      16.00      42.00     145.00      10.00
   40      60.00      12.00      31.00      33.00     186.00      10.00
   41      40.00      25.00       9.00      51.00     128.00      10.00
   42      42.00       7.00       5.00      44.00     159.00      10.00
   43      24.00      12.00       5.00      25.00     172.00      10.00
   44      23.00       3.00       7.00     115.00     158.00      10.00
   45      11.00      14.00      18.00      31.00     138.00      10.00
   46       6.00      38.00      16.00      29.00     189.00      10.00
   47       2.00      48.00       1.00      93.00     150.00      10.00
   48       8.00      56.00      27.00      34.00     116.00      10.00
   49      13.00      52.00      36.00     125.00     192.00      10.00
   50       6.00      68.00      30.00      93.00     132.00      10.00
   51      47.00      47.00      13.00     105.00     152.00      10.00
   52      49.00      58.00      10.00      66.00     119.00      10.00
   53      27.00      43.00       9.00      25.00      88.00      10.00
   54      37.00      31.00      14.00      62.00     137.00      10.00
   55      57.00      29.00      18.00     121.00     168.00      10.00
   56      63.00      23.00       2.00      70.00     189.00      10.00
   57      53.00      12.00       6.00      81.00     188.00      10.00
   58      32.00      12.00       7.00      78.00     133.00      10.00
   59      36.00      26.00      18.00      79.00     210.00      10.00
   60      21.00      24.00      28.00      17.00     123.00      10.00
   61      17.00      34.00       3.00     130.00     201.00      10.00
   62      12.00      24.00      13.00      59.00     102.00      10.00
   63      24.00      58.00      19.00      25.00     164.00      10.00
   64      27.00      69.00      10.00      34.00     112.00      10.00
   65      15.00      77.00       9.00      46.00     165.00      10.00
   66      62.00      77.00      20.00      49.00     170.00      10.00
   67      49.00      73.00      25.00      77.00     179.00      10.00
   68      67.00       5.00      25.00      43.00     150.00      10.00
   69      56.00      39.00      36.00      82.00     198.00      10.00
   70      37.00      47.00       6.00      12.00     142.00      10.00
   71      37.00      56.00       5.00      21.00     198.00      10.00
   72      57.00      68.00      15.00      57.00     106.00      10.00
   73      47.00      16.00      25.00      22.00     110.00      10.00
   74      44.00      17.00       9.00      60.00     105.00      10.00
   75      46.00      13.00       8.00      73.00     195.00      10.00
   76      49.00      11.00      18.00      46.00     101.00      10.00
   77      49.00      42.00      13.00      36.00     119.00      10.00
   78      53.00      43.00      14.00      65.00     200.00      10.00
   79      61.00      52.00       3.00      43.00     158.00      10.00
   80      57.00      48.00      23.00      58.00     135.00      10.00
   81      56.00      37.00       6.00      69.00     198.00      10.00
   82      55.00      54.00      26.00      87.00     110.00      10.00
   83      15.00      47.00      16.00      28.00      91.00      10.00
   84      14.00      37.00      11.00      21.00      97.00      10.00
   85      11.00      31.00       7.00      68.00     143.00      10.00
   86      16.00      22.00      41.00      74.00     117.00      10.00
   87       4.00      18.00      35.00      79.00     118.00      10.00
   88      28.00      18.00      26.00      84.00     111.00      10.00
   89      26.00      52.00       9.00      24.00     133.00      10.00
   90      26.00      35.00      15.00     128.00     211.00      10.00
   91      31.00      67.00       3.00      76.00     123.00      10.00
   92      15.00      19.00       1.00     130.00     194.00      10.00
   93      22.00      22.00       2.00      18.00     181.00      10.00
   94      18.00      24.00      22.00      41.00     199.00      10.00
   95      26.00      27.00      27.00      88.00     121.00      10.00
   96      25.00      24.00      20.00      14.00      83.00      10.00
   97      22.00      27.00      11.00     119.00     160.00      10.00
   98      25.00      21.00      12.00     122.00     153.00      10.00
   99      19.00      21.00      10.00      32.00      93.00      10.00
  100      20.00      26.00       9.00      38.00     137.00      10.00
  101      18.00      18.00      17.00      28.00     195.00      10.00
R111
      CUST NO.   XCOORD.   YCOORD.   DEMAND    READY TIME   DUE DATE   SERVICE TIME
    1      35.00      35.00       0.00       0.00     230.00       0.00
    2      41.00      49.00      10.00      15.00     204.00      10.00
    3      35.00      17.00       7.00      18.00     202.00      10.00
    4      55.00      45.00      13.00      54.00     187.00      10.00
    5      55.00      20.00      19.00     138.00     169.00      10.00
    6      15.00      30.00      26.00      20.00     199.00      10.00
    7      25.00      30.00       3.00      76.00     131.00      10.00
    8      20.00      50.00       5.00      21.00     170.00      10.00
    9      10.00      43.00       9.00      87.00     112.00      10.00
   10      55.00      60.00      16.00      88.00     115.00      10.00
   11      30.00      60.00      16.00     107.00     150.00      10.00
   12      20.00      65.00      12.00      57.00      86.00      10.00
   13      50.00      35.00      19.00      15.00     192.00      10.00
   14      30.00      25.00      23.00     147.00     180.00      10.00
   15      15.00      10.00      20.00      32.00     187.00      10.00
   16      30.00       5.00       8.00      50.00      81.00      10.00
   17      10.00      20.00      19.00      29.00     139.00      10.00
   18       5.00      30.00       2.00     124.00     189.00      10.00
   19      20.00      40.00      12.00      47.00     136.00      10.00
   20      15.00      60.00      17.00      32.00     146.00      10.00
   21      45.00      65.00       9.00      79.00     182.00      10.00
   22      45.00      20.00      11.00      18.00     195.00      10.00
   23      45.00      10.00      18.00      76.00     127.00      10.00
   24      55.00       5.00      29.00      58.00      87.00      10.00
   25      65.00      35.00       3.00      58.00     190.00      10.00
   26      65.00      20.00       6.00     153.00     186.00      10.00
   27      45.00      30.00      17.00      58.00     208.00      10.00
   28      35.00      40.00      16.00       8.00      75.00      10.00
   29      41.00      37.00      16.00       6.00     136.00      10.00
   30      64.00      42.00       9.00      29.00     150.00      10.00
   31      40.00      60.00      21.00      49.00     102.00      10.00
   32      31.00      52.00      27.00      17.00     198.00      10.00
   33      35.00      69.00      23.00      67.00     186.00      10.00
   34      53.00      52.00      11.00      24.00      92.00      10.00
   35      65.00      55.00      14.00      36.00     183.00      10.00
   36      63.00      65.00       8.00     116.00     178.00      10.00
   37       2.00      60.00       5.00      41.00     112.00      10.00
   38      20.00      20.00       8.00      42.00     198.00      10.00
   39       5.00       5.00      16.00      74.00     101.00      10.00
   40      60.00      12.00      31.00      33.00     110.00      10.00
   41      40.00      25.00       9.00      65.00     114.00      10.00
   42      42.00       7.00       5.00      72.00     131.00      10.00
   43      24.00      12.00       5.00      25.00      91.00      10.00
   44      23.00       3.00       7.00      82.00     185.00      10.00
   45      11.00      14.00      18.00      59.00      88.00      10.00
   46       6.00      38.00      16.00      29.00      99.00      10.00
   47       2.00      48.00       1.00      63.00     180.00      10.00
   48       8.00      56.00      27.00      34.00     176.00      10.00
   49      13.00      52.00      36.00      27.00     192.00      10.00
   50       6.00      68.00      30.00      93.00     132.00      10.00
   51      47.00      47.00      13.00      41.00     203.00      10.00
   52      49.00      58.00      10.00      36.00     149.00      10.00
   53      27.00      43.00       9.00      11.00     195.00      10.00
   54      37.00      31.00      14.00      87.00     112.00      10.00
   55      57.00      29.00      18.00      90.00     197.00      10.00
   56      63.00      23.00       2.00     126.00     155.00      10.00
   57      53.00      12.00       6.00     106.00     163.00      10.00
   58      32.00      12.00       7.00      48.00     163.00      10.00
   59      36.00      26.00      18.00     178.00     210.00      10.00
   60      21.00      24.00      28.00      17.00     202.00      10.00
   61      17.00      34.00       3.00      70.00     201.00      10.00
   62      12.00      24.00      13.00      29.00     132.00      10.00
   63      24.00      58.00      19.00      46.00      79.00      10.00
   64      27.00      69.00      10.00      34.00     172.00      10.00
   65      15.00      77.00       9.00      48.00     107.00      10.00
   66      62.00      77.00      20.00      49.00     113.00      10.00
   67      49.00      73.00      25.00     104.00     159.00      10.00
   68      67.00       5.00      25.00      73.00     102.00      10.00
   69      56.00      39.00      36.00     117.00     176.00      10.00
   70      37.00      47.00       6.00      39.00      70.00      10.00
   71      37.00      56.00       5.00     123.00     198.00      10.00
   72      57.00      68.00      15.00      39.00     148.00      10.00
   73      47.00      16.00      25.00      22.00     197.00      10.00
   74      44.00      17.00       9.00      30.00     135.00      10.00
   75      46.00      13.00       8.00     138.00     169.00      10.00
   76      49.00      11.00      18.00      27.00     192.00      10.00
   77      49.00      42.00      13.00      65.00      90.00      10.00
   78      53.00      43.00      14.00     168.00     199.00      10.00
   79      61.00      52.00       3.00      71.00     130.00      10.00
   80      57.00      48.00      23.00      84.00     109.00      10.00
   81      56.00      37.00       6.00     135.00     198.00      10.00
   82      55.00      54.00      26.00      57.00     140.00      10.00
   83      15.00      47.00      16.00      23.00     196.00      10.00
   84      14.00      37.00      11.00      21.00     198.00      10.00
   85      11.00      31.00       7.00      93.00     118.00      10.00
   86      16.00      22.00      41.00      23.00     177.00      10.00
   87       4.00      18.00      35.00      49.00     148.00      10.00
   88      28.00      18.00      26.00      88.00     107.00      10.00
   89      26.00      52.00       9.00      50.00     107.00      10.00
   90      26.00      35.00      15.00      68.00     211.00      10.00
   91      31.00      67.00       3.00      46.00     153.00      10.00
   92      15.00      19.00       1.00      25.00     194.00      10.00
   93      22.00      22.00       2.00      18.00      53.00      10.00
   94      18.00      24.00      22.00     129.00     199.00      10.00
   95      26.00      27.00      27.00      35.00     174.00      10.00
   96      25.00      24.00      20.00      14.00     205.00      10.00
   97      22.00      27.00      11.00      51.00     204.00      10.00
   98      25.00      21.00      12.00      92.00     183.00      10.00
   99      19.00      21.00      10.00      21.00     198.00      10.00
  100      20.00      26.00       9.00      74.00     101.00      10.00
  101      18.00      18.00      17.00     159.00     195.00      10.00
R112
      CUST NO.   XCOORD.   YCOORD.   DEMAND    READY TIME   DUE DATE   SERVICE TIME
    1      35.00      35.00       0.00       0.00     230.00       0.00
    2      41.00      49.00      10.00      73.00     204.00      10.00
    3      35.00      17.00       7.00      18.00     147.00      10.00
    4      55.00      45.00      13.00      76.00     165.00      10.00
    5      55.00      20.00      19.00      73.00     195.00      10.00
    6      15.00      30.00      26.00      20.00     167.00      10.00
    7      25.00      30.00       3.00      49.00     158.00      10.00
    8      20.00      50.00       5.00      36.00     135.00      10.00
    9      10.00      43.00       9.00      50.00     149.00      10.00
   10      55.00      60.00      16.00      47.00     156.00      10.00
   11      30.00      60.00      16.00      85.00     172.00      10.00
   12      20.00      65.00      12.00      33.00     152.00      10.00
   13      50.00      35.00      19.00      15.00     133.00      10.00
   14      30.00      25.00      23.00      79.00     208.00      10.00
   15      15.00      10.00      20.00      32.00     187.00      10.00
   16      30.00       5.00       8.00      30.00     152.00      10.00
   17      10.00      20.00      19.00      29.00     139.00      10.00
   18       5.00      30.00       2.00      60.00     189.00      10.00
   19      20.00      40.00      12.00      47.00     136.00      10.00
   20      15.00      60.00      17.00      32.00     146.00      10.00
   21      45.00      65.00       9.00      79.00     182.00      10.00
   22      45.00      20.00      11.00      18.00     136.00      10.00
   23      45.00      10.00      18.00      50.00     153.00      10.00
   24      55.00       5.00      29.00      36.00     155.00      10.00
   25      65.00      35.00       3.00      58.00     190.00      10.00
   26      65.00      20.00       6.00      56.00     186.00      10.00
   27      45.00      30.00      17.00      87.00     186.00      10.00
   28      35.00      40.00      16.00       5.00     140.00      10.00
   29      41.00      37.00      16.00       6.00     136.00      10.00
   30      64.00      42.00       9.00      29.00     150.00      10.00
   31      40.00      60.00      21.00      25.00     132.00      10.00
   32      31.00      52.00      27.00      17.00     138.00      10.00
   33      35.00      69.00      23.00      67.00     186.00      10.00
   34      53.00      52.00      11.00      24.00     161.00      10.00
   35      65.00      55.00      14.00      70.00     173.00      10.00
   36      63.00      65.00       8.00      54.00     178.00      10.00
   37       2.00      60.00       5.00      41.00     178.00      10.00
   38      20.00      20.00       8.00      87.00     190.00      10.00
   39       5.00       5.00      16.00      42.00     153.00      10.00
   40      60.00      12.00      31.00      33.00     186.00      10.00
   41      40.00      25.00       9.00      40.00     139.00      10.00
   42      42.00       7.00       5.00      43.00     160.00      10.00
   43      24.00      12.00       5.00      25.00     158.00      10.00
   44      23.00       3.00       7.00      82.00     185.00      10.00
   45      11.00      14.00      18.00      31.00     144.00      10.00
   46       6.00      38.00      16.00      29.00     169.00      10.00
   47       2.00      48.00       1.00      63.00     180.00      10.00
   48       8.00      56.00      27.00      34.00     176.00      10.00
   49      13.00      52.00      36.00      65.00     192.00      10.00
   50       6.00      68.00      30.00      73.00     152.00      10.00
   51      47.00      47.00      13.00      75.00     182.00      10.00
   52      49.00      58.00      10.00      36.00     149.00      10.00
   53      27.00      43.00       9.00      11.00     133.00      10.00
   54      37.00      31.00      14.00      51.00     148.00      10.00
   55      57.00      29.00      18.00      90.00     197.00      10.00
   56      63.00      23.00       2.00      69.00     189.00      10.00
   57      53.00      12.00       6.00      76.00     190.00      10.00
   58      32.00      12.00       7.00      48.00     163.00      10.00
   59      36.00      26.00      18.00      84.00     210.00      10.00
   60      21.00      24.00      28.00      17.00     183.00      10.00
   61      17.00      34.00       3.00      70.00     201.00      10.00
   62      12.00      24.00      13.00      29.00     132.00      10.00
   63      24.00      58.00      19.00      25.00     154.00      10.00
   64      27.00      69.00      10.00      34.00     172.00      10.00
   65      15.00      77.00       9.00      46.00     165.00      10.00
   66      62.00      77.00      20.00      49.00     170.00      10.00
   67      49.00      73.00      25.00      68.00     179.00      10.00
   68      67.00       5.00      25.00      43.00     156.00      10.00
   69      56.00      39.00      36.00      80.00     198.00      10.00
   70      37.00      47.00       6.00      12.00     137.00      10.00
   71      37.00      56.00       5.00      48.00     198.00      10.00
   72      57.00      68.00      15.00      39.00     148.00      10.00
   73      47.00      16.00      25.00      22.00     170.00      10.00
   74      44.00      17.00       9.00      30.00     135.00      10.00
   75      46.00      13.00       8.00      74.00     195.00      10.00
   76      49.00      11.00      18.00      27.00     141.00      10.00
   77      49.00      42.00      13.00      27.00     128.00      10.00
   78      53.00      43.00      14.00      72.00     200.00      10.00
   79      61.00      52.00       3.00      42.00     159.00      10.00
   80      57.00      48.00      23.00      47.00     146.00      10.00
   81      56.00      37.00       6.00      73.00     198.00      10.00
   82      55.00      54.00      26.00      57.00     140.00      10.00
   83      15.00      47.00      16.00      23.00     146.00      10.00
   84      14.00      37.00      11.00      21.00     157.00      10.00
   85      11.00      31.00       7.00      57.00     154.00      10.00
   86      16.00      22.00      41.00      44.00     147.00      10.00
   87       4.00      18.00      35.00      49.00     148.00      10.00
   88      28.00      18.00      26.00      61.00     134.00      10.00
   89      26.00      52.00       9.00      21.00     136.00      10.00
   90      26.00      35.00      15.00      68.00     211.00      10.00
   91      31.00      67.00       3.00      46.00     153.00      10.00
   92      15.00      19.00       1.00      70.00     194.00      10.00
   93      22.00      22.00       2.00      18.00     159.00      10.00
   94      18.00      24.00      22.00      60.00     199.00      10.00
   95      26.00      27.00      27.00      58.00     151.00      10.00
   96      25.00      24.00      20.00      14.00     143.00      10.00
   97      22.00      27.00      11.00      89.00     190.00      10.00
   98      25.00      21.00      12.00      92.00     183.00      10.00
   99      19.00      21.00      10.00      21.00     142.00      10.00
  100      20.00      26.00       9.00      33.00     142.00      10.00
  101      18.00      18.00      17.00      51.00     195.00      10.00
