RC201

      CUST NO.   XCOORD.   YCOORD.   DEMAND    READY TIME   DUE DATE   SERVICE TIME
    1      40.00      50.00       0.00       0.00     960.00       0.00
    2      25.00      85.00      20.00     673.00     793.00      10.00
    3      22.00      75.00      30.00     152.00     272.00      10.00
    4      22.00      85.00      10.00     471.00     591.00      10.00
    5      20.00      80.00      40.00     644.00     764.00      10.00
    6      20.00      85.00      20.00      73.00     193.00      10.00
    7      18.00      75.00      20.00     388.00     508.00      10.00
    8      15.00      75.00      20.00     300.00     420.00      10.00
    9      15.00      80.00      10.00     367.00     487.00      10.00
   10      10.00      35.00      20.00     371.00     491.00      10.00
   11      10.00      40.00      30.00     519.00     639.00      10.00
   12       8.00      40.00      40.00     195.00     315.00      10.00
   13       8.00      45.00      20.00     223.00     343.00      10.00
   14       5.00      35.00      10.00     653.00     773.00      10.00
   15       5.00      45.00      10.00      35.00     155.00      10.00
   16       2.00      40.00      20.00     174.00     294.00      10.00
   17       0.00      40.00      20.00     255.00     375.00      10.00
   18       0.00      45.00      20.00     703.00     823.00      10.00
   19      44.00       5.00      20.00     335.00     455.00      10.00
   20      42.00      10.00      40.00     254.00     374.00      10.00
   21      42.00      15.00      10.00     537.00     657.00      10.00
   22      40.00       5.00      10.00     215.00     335.00      10.00
   23      40.00      15.00      40.00     375.00     495.00      10.00
   24      38.00       5.00      30.00     201.00     321.00      10.00
   25      38.00      15.00      10.00     681.00     801.00      10.00
   26      35.00       5.00      20.00     784.00     904.00      10.00
   27      95.00      30.00      30.00     529.00     649.00      10.00
   28      95.00      35.00      20.00     146.00     266.00      10.00
   29      92.00      30.00      10.00     149.00     269.00      10.00
   30      90.00      35.00      10.00     194.00     314.00      10.00
   31      88.00      30.00      10.00     246.00     366.00      10.00
   32      88.00      35.00      20.00     165.00     285.00      10.00
   33      87.00      30.00      10.00     621.00     741.00      10.00
   34      85.00      25.00      10.00      80.00     200.00      10.00
   35      85.00      35.00      30.00     487.00     607.00      10.00
   36      67.00      85.00      20.00     657.00     777.00      10.00
   37      65.00      85.00      40.00      43.00     163.00      10.00
   38      65.00      82.00      10.00     557.00     677.00      10.00
   39      62.00      80.00      30.00     278.00     398.00      10.00
   40      60.00      80.00      10.00      64.00     184.00      10.00
   41      60.00      85.00      30.00     329.00     449.00      10.00
   42      58.00      75.00      20.00     376.00     496.00      10.00
   43      55.00      80.00      10.00      33.00     153.00      10.00
   44      55.00      85.00      20.00     574.00     694.00      10.00
   45      55.00      82.00      10.00     217.00     337.00      10.00
   46      20.00      82.00      10.00      37.00     157.00      10.00
   47      18.00      80.00      10.00     489.00     609.00      10.00
   48       2.00      45.00      10.00     105.00     225.00      10.00
   49      42.00       5.00      10.00     732.00     852.00      10.00
   50      42.00      12.00      10.00     440.00     560.00      10.00
   51      72.00      35.00      30.00     507.00     627.00      10.00
   52      55.00      20.00      19.00     326.00     446.00      10.00
   53      25.00      30.00       3.00     175.00     295.00      10.00
   54      20.00      50.00       5.00     375.00     495.00      10.00
   55      55.00      60.00      16.00     601.00     721.00      10.00
   56      30.00      60.00      16.00     599.00     719.00      10.00
   57      50.00      35.00      19.00     557.00     677.00      10.00
   58      30.00      25.00      23.00     397.00     517.00      10.00
   59      15.00      10.00      20.00     782.00     902.00      10.00
   60      10.00      20.00      19.00      42.00     162.00      10.00
   61      15.00      60.00      17.00     694.00     814.00      10.00
   62      45.00      65.00       9.00     258.00     378.00      10.00
   63      65.00      35.00       3.00     167.00     287.00      10.00
   64      65.00      20.00       6.00      39.00     159.00      10.00
   65      45.00      30.00      17.00     191.00     311.00      10.00
   66      35.00      40.00      16.00      11.00     131.00      10.00
   67      41.00      37.00      16.00     566.00     686.00      10.00
   68      64.00      42.00       9.00     268.00     388.00      10.00
   69      40.00      60.00      21.00     612.00     732.00      10.00
   70      31.00      52.00      27.00     157.00     277.00      10.00
   71      35.00      69.00      23.00     810.00     930.00      10.00
   72      65.00      55.00      14.00     241.00     361.00      10.00
   73      63.00      65.00       8.00      60.00     180.00      10.00
   74       2.00      60.00       5.00     286.00     406.00      10.00
   75      20.00      20.00       8.00     645.00     765.00      10.00
   76       5.00       5.00      16.00     232.00     352.00      10.00
   77      60.00      12.00      31.00     268.00     388.00      10.00
   78      23.00       3.00       7.00     764.00     884.00      10.00
   79       8.00      56.00      27.00     365.00     485.00      10.00
   80       6.00      68.00      30.00     352.00     472.00      10.00
   81      47.00      47.00      13.00     822.00     942.00      10.00
   82      49.00      58.00      10.00     355.00     475.00      10.00
   83      27.00      43.00       9.00     152.00     272.00      10.00
   84      37.00      31.00      14.00     105.00     225.00      10.00
   85      57.00      29.00      18.00     395.00     515.00      10.00
   86      63.00      23.00       2.00     344.00     464.00      10.00
   87      21.00      24.00      28.00     349.00     469.00      10.00
   88      12.00      24.00      13.00     359.00     479.00      10.00
   89      24.00      58.00      19.00     260.00     380.00      10.00
   90      67.00       5.00      25.00     713.00     833.00      10.00
   91      37.00      47.00       6.00     359.00     479.00      10.00
   92      49.00      42.00      13.00     719.00     839.00      10.00
   93      53.00      43.00      14.00      14.00     134.00      10.00
   94      61.00      52.00       3.00     808.00     928.00      10.00
   95      57.00      48.00      23.00     392.00     512.00      10.00
   96      56.00      37.00       6.00     100.00     220.00      10.00
   97      55.00      54.00      26.00     562.00     682.00      10.00
   98       4.00      18.00      35.00     547.00     667.00      10.00
   99      26.00      52.00       9.00     172.00     292.00      10.00
  100      26.00      35.00      15.00     308.00     428.00      10.00
  101      31.00      67.00       3.00     810.00     930.00      10.00
RC202
      CUST NO.   XCOORD.   YCOORD.   DEMAND    READY TIME   DUE DATE   SERVICE TIME
    1      40.00      50.00       0.00       0.00     960.00       0.00
    2      25.00      85.00      20.00       0.00     911.00      10.00
    3      22.00      75.00      30.00       0.00     919.00      10.00
    4      22.00      85.00      10.00       0.00     910.00      10.00
    5      20.00      80.00      40.00     644.00     764.00      10.00
    6      20.00      85.00      20.00       0.00     909.00      10.00
    7      18.00      75.00      20.00     388.00     508.00      10.00
    8      15.00      75.00      20.00       0.00     914.00      10.00
    9      15.00      80.00      10.00     367.00     487.00      10.00
   10      10.00      35.00      20.00     371.00     491.00      10.00
   11      10.00      40.00      30.00     519.00     639.00      10.00
   12       8.00      40.00      40.00     195.00     315.00      10.00
   13       8.00      45.00      20.00       0.00     917.00      10.00
   14       5.00      35.00      10.00     653.00     773.00      10.00
   15       5.00      45.00      10.00      35.00     155.00      10.00
   16       2.00      40.00      20.00     174.00     294.00      10.00
   17       0.00      40.00      20.00     255.00     375.00      10.00
   18       0.00      45.00      20.00     703.00     823.00      10.00
   19      44.00       5.00      20.00     335.00     455.00      10.00
   20      42.00      10.00      40.00     254.00     374.00      10.00
   21      42.00      15.00      10.00     537.00     657.00      10.00
   22      40.00       5.00      10.00       0.00     905.00      10.00
   23      40.00      15.00      40.00     375.00     495.00      10.00
   24      38.00       5.00      30.00     201.00     321.00      10.00
   25      38.00      15.00      10.00     681.00     801.00      10.00
   26      35.00       5.00      20.00     784.00     904.00      10.00
   27      95.00      30.00      30.00       0.00     891.00      10.00
   28      95.00      35.00      20.00     146.00     266.00      10.00
   29      92.00      30.00      10.00     149.00     269.00      10.00
   30      90.00      35.00      10.00     194.00     314.00      10.00
   31      88.00      30.00      10.00     246.00     366.00      10.00
   32      88.00      35.00      20.00       0.00     899.00      10.00
   33      87.00      30.00      10.00     621.00     741.00      10.00
   34      85.00      25.00      10.00      80.00     200.00      10.00
   35      85.00      35.00      30.00       0.00     902.00      10.00
   36      67.00      85.00      20.00     657.00     777.00      10.00
   37      65.00      85.00      40.00      43.00     163.00      10.00
   38      65.00      82.00      10.00       0.00     909.00      10.00
   39      62.00      80.00      30.00     278.00     398.00      10.00
   40      60.00      80.00      10.00      64.00     184.00      10.00
   41      60.00      85.00      30.00     329.00     449.00      10.00
   42      58.00      75.00      20.00     376.00     496.00      10.00
   43      55.00      80.00      10.00      33.00     153.00      10.00
   44      55.00      85.00      20.00     574.00     694.00      10.00
   45      55.00      82.00      10.00     217.00     337.00      10.00
   46      20.00      82.00      10.00      37.00     157.00      10.00
   47      18.00      80.00      10.00     489.00     609.00      10.00
   48       2.00      45.00      10.00     105.00     225.00      10.00
   49      42.00       5.00      10.00       0.00     904.00      10.00
   50      42.00      12.00      10.00     440.00     560.00      10.00
   51      72.00      35.00      30.00       0.00     914.00      10.00
   52      55.00      20.00      19.00     326.00     446.00      10.00
   53      25.00      30.00       3.00       0.00     925.00      10.00
   54      20.00      50.00       5.00     375.00     495.00      10.00
   55      55.00      60.00      16.00     601.00     721.00      10.00
   56      30.00      60.00      16.00     599.00     719.00      10.00
   57      50.00      35.00      19.00     557.00     677.00      10.00
   58      30.00      25.00      23.00     397.00     517.00      10.00
   59      15.00      10.00      20.00     782.00     902.00      10.00
   60      10.00      20.00      19.00       0.00     907.00      10.00
   61      15.00      60.00      17.00     694.00     814.00      10.00
   62      45.00      65.00       9.00     258.00     378.00      10.00
   63      65.00      35.00       3.00     167.00     287.00      10.00
   64      65.00      20.00       6.00      39.00     159.00      10.00
   65      45.00      30.00      17.00     191.00     311.00      10.00
   66      35.00      40.00      16.00      11.00     131.00      10.00
   67      41.00      37.00      16.00     566.00     686.00      10.00
   68      64.00      42.00       9.00     268.00     388.00      10.00
   69      40.00      60.00      21.00     612.00     732.00      10.00
   70      31.00      52.00      27.00     157.00     277.00      10.00
   71      35.00      69.00      23.00     810.00     930.00      10.00
   72      65.00      55.00      14.00     241.00     361.00      10.00
   73      63.00      65.00       8.00       0.00     922.00      10.00
   74       2.00      60.00       5.00     286.00     406.00      10.00
   75      20.00      20.00       8.00     645.00     765.00      10.00
   76       5.00       5.00      16.00       0.00     892.00      10.00
   77      60.00      12.00      31.00     268.00     388.00      10.00
   78      23.00       3.00       7.00     764.00     884.00      10.00
   79       8.00      56.00      27.00     365.00     485.00      10.00
   80       6.00      68.00      30.00     352.00     472.00      10.00
   81      47.00      47.00      13.00     822.00     942.00      10.00
   82      49.00      58.00      10.00     355.00     475.00      10.00
   83      27.00      43.00       9.00       0.00     935.00      10.00
   84      37.00      31.00      14.00       0.00     930.00      10.00
   85      57.00      29.00      18.00     395.00     515.00      10.00
   86      63.00      23.00       2.00       0.00     914.00      10.00
   87      21.00      24.00      28.00     349.00     469.00      10.00
   88      12.00      24.00      13.00     359.00     479.00      10.00
   89      24.00      58.00      19.00     260.00     380.00      10.00
   90      67.00       5.00      25.00     713.00     833.00      10.00
   91      37.00      47.00       6.00     359.00     479.00      10.00
   92      49.00      42.00      13.00       0.00     937.00      10.00
   93      53.00      43.00      14.00      14.00     134.00      10.00
   94      61.00      52.00       3.00     808.00     928.00      10.00
   95      57.00      48.00      23.00       0.00     932.00      10.00
   96      56.00      37.00       6.00       0.00     929.00      10.00
   97      55.00      54.00      26.00       0.00     934.00      10.00
   98       4.00      18.00      35.00     547.00     667.00      10.00
   99      26.00      52.00       9.00       0.00     935.00      10.00
  100      26.00      35.00      15.00     308.00     428.00      10.00
  101      31.00      67.00       3.00     810.00     930.00      10.00
RC203
      CUST NO.   XCOORD.   YCOORD.   DEMAND    READY TIME   DUE DATE   SERVICE TIME
    1      40.00      50.00       0.00       0.00     960.00       0.00
    2      25.00      85.00      20.00       0.00     911.00      10.00
    3      22.00      75.00      30.00       0.00     919.00      10.00
    4      22.00      85.00      10.00       0.00     910.00      10.00
    5      20.00      80.00      40.00     644.00     764.00      10.00
    6      20.00      85.00      20.00       0.00     909.00      10.00
    7      18.00      75.00      20.00     388.00     508.00      10.00
    8      15.00      75.00      20.00       0.00     914.00      10.00
    9      15.00      80.00      10.00     367.00     487.00      10.00
   10      10.00      35.00      20.00     371.00     491.00      10.00
   11      10.00      40.00      30.00     519.00     639.00      10.00
   12       8.00      40.00      40.00     195.00     315.00      10.00
   13       8.00      45.00      20.00       0.00     917.00      10.00
   14       5.00      35.00      10.00     653.00     773.00      10.00
   15       5.00      45.00      10.00       0.00     914.00      10.00
   16       2.00      40.00      20.00     174.00     294.00      10.00
   17       0.00      40.00      20.00       0.00     908.00      10.00
   18       0.00      45.00      20.00     703.00     823.00      10.00
   19      44.00       5.00      20.00       0.00     904.00      10.00
   20      42.00      10.00      40.00       0.00     909.00      10.00
   21      42.00      15.00      10.00       0.00     914.00      10.00
   22      40.00       5.00      10.00       0.00     905.00      10.00
   23      40.00      15.00      40.00     375.00     495.00      10.00
   24      38.00       5.00      30.00     201.00     321.00      10.00
   25      38.00      15.00      10.00       0.00     914.00      10.00
   26      35.00       5.00      20.00     784.00     904.00      10.00
   27      95.00      30.00      30.00       0.00     891.00      10.00
   28      95.00      35.00      20.00     146.00     266.00      10.00
   29      92.00      30.00      10.00       0.00     894.00      10.00
   30      90.00      35.00      10.00       0.00     897.00      10.00
   31      88.00      30.00      10.00     246.00     366.00      10.00
   32      88.00      35.00      20.00       0.00     899.00      10.00
   33      87.00      30.00      10.00       0.00     898.00      10.00
   34      85.00      25.00      10.00      80.00     200.00      10.00
   35      85.00      35.00      30.00       0.00     902.00      10.00
   36      67.00      85.00      20.00     657.00     777.00      10.00
   37      65.00      85.00      40.00      43.00     163.00      10.00
   38      65.00      82.00      10.00       0.00     909.00      10.00
   39      62.00      80.00      30.00     278.00     398.00      10.00
   40      60.00      80.00      10.00      64.00     184.00      10.00
   41      60.00      85.00      30.00     329.00     449.00      10.00
   42      58.00      75.00      20.00     376.00     496.00      10.00
   43      55.00      80.00      10.00      33.00     153.00      10.00
   44      55.00      85.00      20.00       0.00     911.00      10.00
   45      55.00      82.00      10.00     217.00     337.00      10.00
   46      20.00      82.00      10.00      37.00     157.00      10.00
   47      18.00      80.00      10.00       0.00     912.00      10.00
   48       2.00      45.00      10.00       0.00     911.00      10.00
   49      42.00       5.00      10.00       0.00     904.00      10.00
   50      42.00      12.00      10.00     440.00     560.00      10.00
   51      72.00      35.00      30.00       0.00     914.00      10.00
   52      55.00      20.00      19.00       0.00     916.00      10.00
   53      25.00      30.00       3.00       0.00     925.00      10.00
   54      20.00      50.00       5.00     375.00     495.00      10.00
   55      55.00      60.00      16.00       0.00     931.00      10.00
   56      30.00      60.00      16.00     599.00     719.00      10.00
   57      50.00      35.00      19.00     557.00     677.00      10.00
   58      30.00      25.00      23.00       0.00     923.00      10.00
   59      15.00      10.00      20.00     782.00     902.00      10.00
   60      10.00      20.00      19.00       0.00     907.00      10.00
   61      15.00      60.00      17.00       0.00     923.00      10.00
   62      45.00      65.00       9.00       0.00     934.00      10.00
   63      65.00      35.00       3.00     167.00     287.00      10.00
   64      65.00      20.00       6.00       0.00     910.00      10.00
   65      45.00      30.00      17.00     191.00     311.00      10.00
   66      35.00      40.00      16.00      11.00     131.00      10.00
   67      41.00      37.00      16.00     566.00     686.00      10.00
   68      64.00      42.00       9.00     268.00     388.00      10.00
   69      40.00      60.00      21.00     612.00     732.00      10.00
   70      31.00      52.00      27.00     157.00     277.00      10.00
   71      35.00      69.00      23.00     810.00     930.00      10.00
   72      65.00      55.00      14.00       0.00     924.00      10.00
   73      63.00      65.00       8.00       0.00     922.00      10.00
   74       2.00      60.00       5.00       0.00     910.00      10.00
   75      20.00      20.00       8.00     645.00     765.00      10.00
   76       5.00       5.00      16.00       0.00     892.00      10.00
   77      60.00      12.00      31.00     268.00     388.00      10.00
   78      23.00       3.00       7.00     764.00     884.00      10.00
   79       8.00      56.00      27.00     365.00     485.00      10.00
   80       6.00      68.00      30.00     352.00     472.00      10.00
   81      47.00      47.00      13.00     822.00     942.00      10.00
   82      49.00      58.00      10.00       0.00     937.00      10.00
   83      27.00      43.00       9.00       0.00     935.00      10.00
   84      37.00      31.00      14.00       0.00     930.00      10.00
   85      57.00      29.00      18.00     395.00     515.00      10.00
   86      63.00      23.00       2.00       0.00     914.00      10.00
   87      21.00      24.00      28.00       0.00     917.00      10.00
   88      12.00      24.00      13.00     359.00     479.00      10.00
   89      24.00      58.00      19.00     260.00     380.00      10.00
   90      67.00       5.00      25.00       0.00     897.00      10.00
   91      37.00      47.00       6.00       0.00     945.00      10.00
   92      49.00      42.00      13.00       0.00     937.00      10.00
   93      53.00      43.00      14.00      14.00     134.00      10.00
   94      61.00      52.00       3.00     808.00     928.00      10.00
   95      57.00      48.00      23.00       0.00     932.00      10.00
   96      56.00      37.00       6.00       0.00     929.00      10.00
   97      55.00      54.00      26.00       0.00     934.00      10.00
   98       4.00      18.00      35.00       0.00     901.00      10.00
   99      26.00      52.00       9.00       0.00     935.00      10.00
  100      26.00      35.00      15.00     308.00     428.00      10.00
  101      31.00      67.00       3.00     810.00     930.00      10.00
RC204
      CUST NO.   XCOORD.   YCOORD.   DEMAND    READY TIME   DUE DATE   SERVICE TIME
    1      40.00      50.00       0.00       0.00     960.00       0.00
    2      25.00      85.00      20.00       0.00     911.00      10.00
    3      22.00      75.00      30.00       0.00     919.00      10.00
    4      22.00      85.00      10.00       0.00     910.00      10.00
    5      20.00      80.00      40.00     644.00     764.00      10.00
    6      20.00      85.00      20.00       0.00     909.00      10.00
    7      18.00      75.00      20.00       0.00     916.00      10.00
    8      15.00      75.00      20.00       0.00     914.00      10.00
    9      15.00      80.00      10.00     367.00     487.00      10.00
   10      10.00      35.00      20.00     371.00     491.00      10.00
   11      10.00      40.00      30.00       0.00     918.00      10.00
   12       8.00      40.00      40.00     195.00     315.00      10.00
   13       8.00      45.00      20.00       0.00     917.00      10.00
   14       5.00      35.00      10.00     653.00     773.00      10.00
   15       5.00      45.00      10.00       0.00     914.00      10.00
   16       2.00      40.00      20.00     174.00     294.00      10.00
   17       0.00      40.00      20.00       0.00     908.00      10.00
   18       0.00      45.00      20.00       0.00     909.00      10.00
   19      44.00       5.00      20.00       0.00     904.00      10.00
   20      42.00      10.00      40.00       0.00     909.00      10.00
   21      42.00      15.00      10.00       0.00     914.00      10.00
   22      40.00       5.00      10.00       0.00     905.00      10.00
   23      40.00      15.00      40.00       0.00     915.00      10.00
   24      38.00       5.00      30.00     201.00     321.00      10.00
   25      38.00      15.00      10.00       0.00     914.00      10.00
   26      35.00       5.00      20.00     784.00     904.00      10.00
   27      95.00      30.00      30.00       0.00     891.00      10.00
   28      95.00      35.00      20.00       0.00     892.00      10.00
   29      92.00      30.00      10.00       0.00     894.00      10.00
   30      90.00      35.00      10.00       0.00     897.00      10.00
   31      88.00      30.00      10.00       0.00     898.00      10.00
   32      88.00      35.00      20.00       0.00     899.00      10.00
   33      87.00      30.00      10.00       0.00     898.00      10.00
   34      85.00      25.00      10.00       0.00     898.00      10.00
   35      85.00      35.00      30.00       0.00     902.00      10.00
   36      67.00      85.00      20.00       0.00     905.00      10.00
   37      65.00      85.00      40.00       0.00     906.00      10.00
   38      65.00      82.00      10.00       0.00     909.00      10.00
   39      62.00      80.00      30.00     278.00     398.00      10.00
   40      60.00      80.00      10.00       0.00     913.00      10.00
   41      60.00      85.00      30.00       0.00     909.00      10.00
   42      58.00      75.00      20.00       0.00     919.00      10.00
   43      55.00      80.00      10.00       0.00     916.00      10.00
   44      55.00      85.00      20.00       0.00     911.00      10.00
   45      55.00      82.00      10.00     217.00     337.00      10.00
   46      20.00      82.00      10.00       0.00     912.00      10.00
   47      18.00      80.00      10.00       0.00     912.00      10.00
   48       2.00      45.00      10.00       0.00     911.00      10.00
   49      42.00       5.00      10.00       0.00     904.00      10.00
   50      42.00      12.00      10.00       0.00     911.00      10.00
   51      72.00      35.00      30.00       0.00     914.00      10.00
   52      55.00      20.00      19.00       0.00     916.00      10.00
   53      25.00      30.00       3.00       0.00     925.00      10.00
   54      20.00      50.00       5.00     375.00     495.00      10.00
   55      55.00      60.00      16.00       0.00     931.00      10.00
   56      30.00      60.00      16.00     599.00     719.00      10.00
   57      50.00      35.00      19.00       0.00     931.00      10.00
   58      30.00      25.00      23.00       0.00     923.00      10.00
   59      15.00      10.00      20.00     782.00     902.00      10.00
   60      10.00      20.00      19.00       0.00     907.00      10.00
   61      15.00      60.00      17.00       0.00     923.00      10.00
   62      45.00      65.00       9.00       0.00     934.00      10.00
   63      65.00      35.00       3.00     167.00     287.00      10.00
   64      65.00      20.00       6.00       0.00     910.00      10.00
   65      45.00      30.00      17.00       0.00     929.00      10.00
   66      35.00      40.00      16.00       0.00     938.00      10.00
   67      41.00      37.00      16.00       0.00     936.00      10.00
   68      64.00      42.00       9.00     268.00     388.00      10.00
   69      40.00      60.00      21.00       0.00     940.00      10.00
   70      31.00      52.00      27.00     157.00     277.00      10.00
   71      35.00      69.00      23.00       0.00     930.00      10.00
   72      65.00      55.00      14.00       0.00     924.00      10.00
   73      63.00      65.00       8.00       0.00     922.00      10.00
   74       2.00      60.00       5.00       0.00     910.00      10.00
   75      20.00      20.00       8.00     645.00     765.00      10.00
   76       5.00       5.00      16.00       0.00     892.00      10.00
   77      60.00      12.00      31.00     268.00     388.00      10.00
   78      23.00       3.00       7.00     764.00     884.00      10.00
   79       8.00      56.00      27.00       0.00     917.00      10.00
   80       6.00      68.00      30.00     352.00     472.00      10.00
   81      47.00      47.00      13.00       0.00     942.00      10.00
   82      49.00      58.00      10.00       0.00     937.00      10.00
   83      27.00      43.00       9.00       0.00     935.00      10.00
   84      37.00      31.00      14.00       0.00     930.00      10.00
   85      57.00      29.00      18.00     395.00     515.00      10.00
   86      63.00      23.00       2.00       0.00     914.00      10.00
   87      21.00      24.00      28.00       0.00     917.00      10.00
   88      12.00      24.00      13.00     359.00     479.00      10.00
   89      24.00      58.00      19.00       0.00     932.00      10.00
   90      67.00       5.00      25.00       0.00     897.00      10.00
   91      37.00      47.00       6.00       0.00     945.00      10.00
   92      49.00      42.00      13.00       0.00     937.00      10.00
   93      53.00      43.00      14.00      14.00     134.00      10.00
   94      61.00      52.00       3.00       0.00     928.00      10.00
   95      57.00      48.00      23.00       0.00     932.00      10.00
   96      56.00      37.00       6.00       0.00     929.00      10.00
   97      55.00      54.00      26.00       0.00     934.00      10.00
   98       4.00      18.00      35.00       0.00     901.00      10.00
   99      26.00      52.00       9.00       0.00     935.00      10.00
  100      26.00      35.00      15.00     308.00     428.00      10.00
  101      31.00      67.00       3.00     810.00     930.00      10.00
RC205
      CUST NO.   XCOORD.   YCOORD.   DEMAND    READY TIME   DUE DATE   SERVICE TIME
    1      40.00      50.00       0.00       0.00     960.00       0.00
    2      25.00      85.00      20.00     431.00     911.00      10.00
    3      22.00      75.00      30.00      30.00     510.00      10.00
    4      22.00      85.00      10.00     291.00     771.00      10.00
    5      20.00      80.00      40.00     674.00     734.00      10.00
    6      20.00      85.00      20.00      40.00     520.00      10.00
    7      18.00      75.00      20.00     393.00     502.00      10.00
    8      15.00      75.00      20.00     120.00     600.00      10.00
    9      15.00      80.00      10.00     397.00     457.00      10.00
   10      10.00      35.00      20.00     401.00     461.00      10.00
   11      10.00      40.00      30.00     535.00     622.00      10.00
   12       8.00      40.00      40.00     225.00     285.00      10.00
   13       8.00      45.00      20.00      43.00     523.00      10.00
   14       5.00      35.00      10.00     683.00     743.00      10.00
   15       5.00      45.00      10.00      35.00     366.00      10.00
   16       2.00      40.00      20.00     204.00     264.00      10.00
   17       0.00      40.00      20.00     204.00     425.00      10.00
   18       0.00      45.00      20.00     698.00     827.00      10.00
   19      44.00       5.00      20.00     306.00     483.00      10.00
   20      42.00      10.00      40.00     199.00     428.00      10.00
   21      42.00      15.00      10.00     494.00     699.00      10.00
   22      40.00       5.00      10.00      45.00     525.00      10.00
   23      40.00      15.00      40.00     383.00     486.00      10.00
   24      38.00       5.00      30.00     231.00     291.00      10.00
   25      38.00      15.00      10.00     609.00     872.00      10.00
   26      35.00       5.00      20.00     821.00     881.00      10.00
   27      95.00      30.00      30.00     349.00     829.00      10.00
   28      95.00      35.00      20.00     138.00     273.00      10.00
   29      92.00      30.00      10.00      78.00     339.00      10.00
   30      90.00      35.00      10.00     132.00     375.00      10.00
   31      88.00      30.00      10.00     252.00     359.00      10.00
   32      88.00      35.00      20.00      50.00     530.00      10.00
   33      87.00      30.00      10.00     562.00     799.00      10.00
   34      85.00      25.00      10.00      71.00     208.00      10.00
   35      85.00      35.00      30.00     307.00     787.00      10.00
   36      67.00      85.00      20.00     655.00     778.00      10.00
   37      65.00      85.00      40.00      43.00     186.00      10.00
   38      65.00      82.00      10.00     377.00     857.00      10.00
   39      62.00      80.00      30.00     308.00     368.00      10.00
   40      60.00      80.00      10.00      46.00     201.00      10.00
   41      60.00      85.00      30.00     339.00     438.00      10.00
   42      58.00      75.00      20.00     377.00     494.00      10.00
   43      55.00      80.00      10.00      33.00     166.00      10.00
   44      55.00      85.00      20.00     531.00     736.00      10.00
   45      55.00      82.00      10.00     247.00     307.00      10.00
   46      20.00      82.00      10.00      37.00     177.00      10.00
   47      18.00      80.00      10.00     432.00     665.00      10.00
   48       2.00      45.00      10.00      38.00     322.00      10.00
   49      42.00       5.00      10.00     424.00     904.00      10.00
   50      42.00      12.00      10.00     460.00     539.00      10.00
   51      72.00      35.00      30.00     327.00     807.00      10.00
   52      55.00      20.00      19.00     273.00     498.00      10.00
   53      25.00      30.00       3.00      25.00     505.00      10.00
   54      20.00      50.00       5.00     405.00     465.00      10.00
   55      55.00      60.00      16.00     554.00     767.00      10.00
   56      30.00      60.00      16.00     629.00     689.00      10.00
   57      50.00      35.00      19.00     560.00     673.00      10.00
   58      30.00      25.00      23.00     342.00     571.00      10.00
   59      15.00      10.00      20.00     842.00     902.00      10.00
   60      10.00      20.00      19.00      42.00     522.00      10.00
   61      15.00      60.00      17.00     623.00     884.00      10.00
   62      45.00      65.00       9.00     214.00     421.00      10.00
   63      65.00      35.00       3.00     197.00     257.00      10.00
   64      65.00      20.00       6.00      39.00     316.00      10.00
   65      45.00      30.00      17.00     191.00     310.00      10.00
   66      35.00      40.00      16.00      11.00     140.00      10.00
   67      41.00      37.00      16.00     570.00     681.00      10.00
   68      64.00      42.00       9.00     298.00     358.00      10.00
   69      40.00      60.00      21.00     613.00     730.00      10.00
   70      31.00      52.00      27.00     187.00     247.00      10.00
   71      35.00      69.00      23.00     780.00     930.00      10.00
   72      65.00      55.00      14.00     191.00     410.00      10.00
   73      63.00      65.00       8.00      27.00     507.00      10.00
   74       2.00      60.00       5.00     240.00     451.00      10.00
   75      20.00      20.00       8.00     675.00     735.00      10.00
   76       5.00       5.00      16.00      57.00     537.00      10.00
   77      60.00      12.00      31.00     298.00     358.00      10.00
   78      23.00       3.00       7.00     794.00     854.00      10.00
   79       8.00      56.00      27.00     366.00     483.00      10.00
   80       6.00      68.00      30.00     382.00     442.00      10.00
   81      47.00      47.00      13.00     817.00     942.00      10.00
   82      49.00      58.00      10.00     332.00     497.00      10.00
   83      27.00      43.00       9.00      14.00     494.00      10.00
   84      37.00      31.00      14.00      19.00     499.00      10.00
   85      57.00      29.00      18.00     425.00     485.00      10.00
   86      63.00      23.00       2.00     164.00     644.00      10.00
   87      21.00      24.00      28.00     310.00     507.00      10.00
   88      12.00      24.00      13.00     389.00     449.00      10.00
   89      24.00      58.00      19.00     262.00     377.00      10.00
   90      67.00       5.00      25.00     611.00     897.00      10.00
   91      37.00      47.00       6.00     311.00     526.00      10.00
   92      49.00      42.00      13.00     457.00     937.00      10.00
   93      53.00      43.00      14.00      14.00      74.00      10.00
   94      61.00      52.00       3.00     789.00     928.00      10.00
   95      57.00      48.00      23.00     212.00     692.00      10.00
   96      56.00      37.00       6.00      20.00     500.00      10.00
   97      55.00      54.00      26.00     382.00     862.00      10.00
   98       4.00      18.00      35.00     516.00     697.00      10.00
   99      26.00      52.00       9.00      14.00     494.00      10.00
  100      26.00      35.00      15.00     338.00     398.00      10.00
  101      31.00      67.00       3.00     870.00     930.00      10.00
RC206
      CUST NO.   XCOORD.   YCOORD.   DEMAND    READY TIME   DUE DATE   SERVICE TIME
    1      40.00      50.00       0.00       0.00     960.00       0.00
    2      25.00      85.00      20.00     613.00     853.00      10.00
    3      22.00      75.00      30.00      92.00     332.00      10.00
    4      22.00      85.00      10.00     411.00     651.00      10.00
    5      20.00      80.00      40.00     584.00     824.00      10.00
    6      20.00      85.00      20.00      40.00     280.00      10.00
    7      18.00      75.00      20.00     328.00     568.00      10.00
    8      15.00      75.00      20.00     240.00     480.00      10.00
    9      15.00      80.00      10.00     307.00     547.00      10.00
   10      10.00      35.00      20.00     311.00     551.00      10.00
   11      10.00      40.00      30.00     459.00     699.00      10.00
   12       8.00      40.00      40.00     135.00     375.00      10.00
   13       8.00      45.00      20.00     163.00     403.00      10.00
   14       5.00      35.00      10.00     593.00     833.00      10.00
   15       5.00      45.00      10.00      35.00     275.00      10.00
   16       2.00      40.00      20.00     114.00     354.00      10.00
   17       0.00      40.00      20.00     195.00     435.00      10.00
   18       0.00      45.00      20.00     643.00     883.00      10.00
   19      44.00       5.00      20.00     275.00     515.00      10.00
   20      42.00      10.00      40.00     194.00     434.00      10.00
   21      42.00      15.00      10.00     477.00     717.00      10.00
   22      40.00       5.00      10.00     155.00     395.00      10.00
   23      40.00      15.00      40.00     315.00     555.00      10.00
   24      38.00       5.00      30.00     141.00     381.00      10.00
   25      38.00      15.00      10.00     621.00     861.00      10.00
   26      35.00       5.00      20.00     664.00     904.00      10.00
   27      95.00      30.00      30.00     469.00     709.00      10.00
   28      95.00      35.00      20.00      86.00     326.00      10.00
   29      92.00      30.00      10.00      89.00     329.00      10.00
   30      90.00      35.00      10.00     134.00     374.00      10.00
   31      88.00      30.00      10.00     186.00     426.00      10.00
   32      88.00      35.00      20.00     105.00     345.00      10.00
   33      87.00      30.00      10.00     561.00     801.00      10.00
   34      85.00      25.00      10.00      51.00     291.00      10.00
   35      85.00      35.00      30.00     427.00     667.00      10.00
   36      67.00      85.00      20.00     597.00     837.00      10.00
   37      65.00      85.00      40.00      43.00     283.00      10.00
   38      65.00      82.00      10.00     497.00     737.00      10.00
   39      62.00      80.00      30.00     218.00     458.00      10.00
   40      60.00      80.00      10.00      36.00     276.00      10.00
   41      60.00      85.00      30.00     269.00     509.00      10.00
   42      58.00      75.00      20.00     316.00     556.00      10.00
   43      55.00      80.00      10.00      33.00     273.00      10.00
   44      55.00      85.00      20.00     514.00     754.00      10.00
   45      55.00      82.00      10.00     157.00     397.00      10.00
   46      20.00      82.00      10.00      37.00     277.00      10.00
   47      18.00      80.00      10.00     429.00     669.00      10.00
   48       2.00      45.00      10.00      45.00     285.00      10.00
   49      42.00       5.00      10.00     664.00     904.00      10.00
   50      42.00      12.00      10.00     380.00     620.00      10.00
   51      72.00      35.00      30.00     447.00     687.00      10.00
   52      55.00      20.00      19.00     266.00     506.00      10.00
   53      25.00      30.00       3.00     115.00     355.00      10.00
   54      20.00      50.00       5.00     315.00     555.00      10.00
   55      55.00      60.00      16.00     541.00     781.00      10.00
   56      30.00      60.00      16.00     539.00     779.00      10.00
   57      50.00      35.00      19.00     497.00     737.00      10.00
   58      30.00      25.00      23.00     337.00     577.00      10.00
   59      15.00      10.00      20.00     662.00     902.00      10.00
   60      10.00      20.00      19.00      42.00     282.00      10.00
   61      15.00      60.00      17.00     634.00     874.00      10.00
   62      45.00      65.00       9.00     198.00     438.00      10.00
   63      65.00      35.00       3.00     107.00     347.00      10.00
   64      65.00      20.00       6.00      39.00     279.00      10.00
   65      45.00      30.00      17.00     131.00     371.00      10.00
   66      35.00      40.00      16.00      11.00     251.00      10.00
   67      41.00      37.00      16.00     506.00     746.00      10.00
   68      64.00      42.00       9.00     208.00     448.00      10.00
   69      40.00      60.00      21.00     552.00     792.00      10.00
   70      31.00      52.00      27.00      97.00     337.00      10.00
   71      35.00      69.00      23.00     690.00     930.00      10.00
   72      65.00      55.00      14.00     181.00     421.00      10.00
   73      63.00      65.00       8.00      27.00     267.00      10.00
   74       2.00      60.00       5.00     226.00     466.00      10.00
   75      20.00      20.00       8.00     585.00     825.00      10.00
   76       5.00       5.00      16.00     172.00     412.00      10.00
   77      60.00      12.00      31.00     208.00     448.00      10.00
   78      23.00       3.00       7.00     660.00     900.00      10.00
   79       8.00      56.00      27.00     305.00     545.00      10.00
   80       6.00      68.00      30.00     292.00     532.00      10.00
   81      47.00      47.00      13.00     702.00     942.00      10.00
   82      49.00      58.00      10.00     295.00     535.00      10.00
   83      27.00      43.00       9.00      92.00     332.00      10.00
   84      37.00      31.00      14.00      45.00     285.00      10.00
   85      57.00      29.00      18.00     335.00     575.00      10.00
   86      63.00      23.00       2.00     284.00     524.00      10.00
   87      21.00      24.00      28.00     289.00     529.00      10.00
   88      12.00      24.00      13.00     299.00     539.00      10.00
   89      24.00      58.00      19.00     200.00     440.00      10.00
   90      67.00       5.00      25.00     653.00     893.00      10.00
   91      37.00      47.00       6.00     299.00     539.00      10.00
   92      49.00      42.00      13.00     659.00     899.00      10.00
   93      53.00      43.00      14.00      14.00     254.00      10.00
   94      61.00      52.00       3.00     688.00     928.00      10.00
   95      57.00      48.00      23.00     332.00     572.00      10.00
   96      56.00      37.00       6.00      40.00     280.00      10.00
   97      55.00      54.00      26.00     502.00     742.00      10.00
   98       4.00      18.00      35.00     487.00     727.00      10.00
   99      26.00      52.00       9.00     112.00     352.00      10.00
  100      26.00      35.00      15.00     248.00     488.00      10.00
  101      31.00      67.00       3.00     690.00     930.00      10.00
RC207
      CUST NO.   XCOORD.   YCOORD.   DEMAND    READY TIME   DUE DATE   SERVICE TIME
    1      40.00      50.00       0.00       0.00     960.00       0.00
    2      25.00      85.00      20.00     591.00     874.00      10.00
    3      22.00      75.00      30.00      73.00     350.00      10.00
    4      22.00      85.00      10.00     473.00     588.00      10.00
    5      20.00      80.00      40.00     418.00     913.00      10.00
    6      20.00      85.00      20.00      40.00     390.00      10.00
    7      18.00      75.00      20.00     249.00     646.00      10.00
    8      15.00      75.00      20.00     281.00     438.00      10.00
    9      15.00      80.00      10.00     272.00     581.00      10.00
   10      10.00      35.00      20.00     236.00     625.00      10.00
   11      10.00      40.00      30.00     470.00     687.00      10.00
   12       8.00      40.00      40.00      33.00     510.00      10.00
   13       8.00      45.00      20.00     166.00     399.00      10.00
   14       5.00      35.00      10.00     359.00     911.00      10.00
   15       5.00      45.00      10.00      35.00     457.00      10.00
   16       2.00      40.00      20.00      39.00     538.00      10.00
   17       0.00      40.00      20.00     214.00     415.00      10.00
   18       0.00      45.00      20.00     359.00     909.00      10.00
   19      44.00       5.00      20.00     338.00     451.00      10.00
   20      42.00      10.00      40.00     205.00     422.00      10.00
   21      42.00      15.00      10.00     511.00     682.00      10.00
   22      40.00       5.00      10.00     158.00     391.00      10.00
   23      40.00      15.00      40.00     263.00     606.00      10.00
   24      38.00       5.00      30.00      45.00     522.00      10.00
   25      38.00      15.00      10.00     598.00     883.00      10.00
   26      35.00       5.00      20.00     348.00     904.00      10.00
   27      95.00      30.00      30.00     509.00     668.00      10.00
   28      95.00      35.00      20.00      57.00     664.00      10.00
   29      92.00      30.00      10.00      68.00     349.00      10.00
   30      90.00      35.00      10.00     131.00     376.00      10.00
   31      88.00      30.00      10.00     114.00     497.00      10.00
   32      88.00      35.00      20.00     102.00     347.00      10.00
   33      87.00      30.00      10.00     564.00     797.00      10.00
   34      85.00      25.00      10.00      51.00     673.00      10.00
   35      85.00      35.00      30.00     462.00     631.00      10.00
   36      67.00      85.00      20.00     396.00     905.00      10.00
   37      65.00      85.00      40.00      43.00     712.00      10.00
   38      65.00      82.00      10.00     530.00     703.00      10.00
   39      62.00      80.00      30.00     131.00     544.00      10.00
   40      60.00      80.00      10.00      36.00     800.00      10.00
   41      60.00      85.00      30.00     233.00     544.00      10.00
   42      58.00      75.00      20.00     207.00     664.00      10.00
   43      55.00      80.00      10.00      33.00     624.00      10.00
   44      55.00      85.00      20.00     549.00     718.00      10.00
   45      55.00      82.00      10.00      62.00     491.00      10.00
   46      20.00      82.00      10.00      37.00     677.00      10.00
   47      18.00      80.00      10.00     435.00     662.00      10.00
   48       2.00      45.00      10.00      38.00     366.00      10.00
   49      42.00       5.00      10.00     636.00     904.00      10.00
   50      42.00      12.00      10.00     423.00     576.00      10.00
   51      72.00      35.00      30.00     471.00     662.00      10.00
   52      55.00      20.00      19.00     281.00     490.00      10.00
   53      25.00      30.00       3.00     109.00     360.00      10.00
   54      20.00      50.00       5.00     284.00     585.00      10.00
   55      55.00      60.00      16.00     568.00     753.00      10.00
   56      30.00      60.00      16.00     421.00     896.00      10.00
   57      50.00      35.00      19.00     404.00     829.00      10.00
   58      30.00      25.00      23.00     347.00     566.00      10.00
   59      15.00      10.00      20.00     380.00     902.00      10.00
   60      10.00      20.00      19.00      42.00     466.00      10.00
   61      15.00      60.00      17.00     613.00     894.00      10.00
   62      45.00      65.00       9.00     230.00     405.00      10.00
   63      65.00      35.00       3.00      29.00     587.00      10.00
   64      65.00      20.00       6.00      39.00     353.00      10.00
   65      45.00      30.00      17.00      20.00     497.00      10.00
   66      35.00      40.00      16.00      11.00     570.00      10.00
   67      41.00      37.00      16.00     423.00     828.00      10.00
   68      64.00      42.00       9.00     112.00     543.00      10.00
   69      40.00      60.00      21.00     441.00     902.00      10.00
   70      31.00      52.00      27.00       9.00     532.00      10.00
   71      35.00      69.00      23.00     211.00     930.00      10.00
   72      65.00      55.00      14.00     201.00     400.00      10.00
   73      63.00      65.00       8.00      27.00     382.00      10.00
   74       2.00      60.00       5.00     255.00     436.00      10.00
   75      20.00      20.00       8.00     427.00     913.00      10.00
   76       5.00       5.00      16.00     183.00     400.00      10.00
   77      60.00      12.00      31.00     162.00     493.00      10.00
   78      23.00       3.00       7.00     360.00     900.00      10.00
   79       8.00      56.00      27.00     195.00     654.00      10.00
   80       6.00      68.00      30.00     258.00     565.00      10.00
   81      47.00      47.00      13.00     426.00     942.00      10.00
   82      49.00      58.00      10.00     369.00     460.00      10.00
   83      27.00      43.00       9.00      85.00     338.00      10.00
   84      37.00      31.00      14.00      19.00     326.00      10.00
   85      57.00      29.00      18.00     304.00     605.00      10.00
   86      63.00      23.00       2.00     318.00     489.00      10.00
   87      21.00      24.00      28.00     332.00     485.00      10.00
   88      12.00      24.00      13.00     365.00     472.00      10.00
   89      24.00      58.00      19.00     100.00     539.00      10.00
   90      67.00       5.00      25.00     565.00     897.00      10.00
   91      37.00      47.00       6.00     324.00     513.00      10.00
   92      49.00      42.00      13.00     651.00     906.00      10.00
   93      53.00      43.00      14.00      14.00     669.00      10.00
   94      61.00      52.00       3.00     298.00     928.00      10.00
   95      57.00      48.00      23.00     385.00     518.00      10.00
   96      56.00      37.00       6.00      20.00     299.00      10.00
   97      55.00      54.00      26.00     538.00     705.00      10.00
   98       4.00      18.00      35.00     546.00     667.00      10.00
   99      26.00      52.00       9.00     109.00     354.00      10.00
  100      26.00      35.00      15.00     170.00     565.00      10.00
  101      31.00      67.00       3.00     262.00     930.00      10.00
RC208
      CUST NO.   XCOORD.   YCOORD.   DEMAND    READY TIME   DUE DATE   SERVICE TIME
    1      40.00      50.00       0.00       0.00     960.00       0.00
    2      25.00      85.00      20.00     388.00     911.00      10.00
    3      22.00      75.00      30.00      30.00     546.00      10.00
    4      22.00      85.00      10.00     353.00     708.00      10.00
    5      20.00      80.00      40.00     425.00     913.00      10.00
    6      20.00      85.00      20.00      40.00     630.00      10.00
    7      18.00      75.00      20.00     228.00     667.00      10.00
    8      15.00      75.00      20.00     161.00     558.00      10.00
    9      15.00      80.00      10.00     229.00     624.00      10.00
   10      10.00      35.00      20.00     213.00     648.00      10.00
   11      10.00      40.00      30.00     404.00     753.00      10.00
   12       8.00      40.00      40.00      33.00     511.00      10.00
   13       8.00      45.00      20.00      46.00     519.00      10.00
   14       5.00      35.00      10.00     395.00     911.00      10.00
   15       5.00      45.00      10.00      35.00     697.00      10.00
   16       2.00      40.00      20.00      39.00     528.00      10.00
   17       0.00      40.00      20.00      94.00     535.00      10.00
   18       0.00      45.00      20.00     394.00     909.00      10.00
   19      44.00       5.00      20.00     218.00     571.00      10.00
   20      42.00      10.00      40.00      85.00     542.00      10.00
   21      42.00      15.00      10.00     391.00     802.00      10.00
   22      40.00       5.00      10.00      45.00     517.00      10.00
   23      40.00      15.00      40.00     229.00     640.00      10.00
   24      38.00       5.00      30.00      45.00     523.00      10.00
   25      38.00      15.00      10.00     389.00     914.00      10.00
   26      35.00       5.00      20.00     386.00     904.00      10.00
   27      95.00      30.00      30.00     389.00     788.00      10.00
   28      95.00      35.00      20.00      57.00     600.00      10.00
   29      92.00      30.00      10.00      55.00     575.00      10.00
   30      90.00      35.00      10.00      52.00     536.00      10.00
   31      88.00      30.00      10.00      90.00     521.00      10.00
   32      88.00      35.00      20.00      50.00     534.00      10.00
   33      87.00      30.00      10.00     425.00     898.00      10.00
   34      85.00      25.00      10.00      51.00     602.00      10.00
   35      85.00      35.00      30.00     342.00     751.00      10.00
   36      67.00      85.00      20.00     410.00     905.00      10.00
   37      65.00      85.00      40.00      43.00     617.00      10.00
   38      65.00      82.00      10.00     410.00     823.00      10.00
   39      62.00      80.00      30.00     114.00     561.00      10.00
   40      60.00      80.00      10.00      36.00     658.00      10.00
   41      60.00      85.00      30.00     191.00     586.00      10.00
   42      58.00      75.00      20.00     201.00     670.00      10.00
   43      55.00      80.00      10.00      33.00     568.00      10.00
   44      55.00      85.00      20.00     429.00     838.00      10.00
   45      55.00      82.00      10.00      49.00     504.00      10.00
   46      20.00      82.00      10.00      37.00     597.00      10.00
   47      18.00      80.00      10.00     315.00     782.00      10.00
   48       2.00      45.00      10.00      38.00     606.00      10.00
   49      42.00       5.00      10.00     396.00     904.00      10.00
   50      42.00      12.00      10.00     341.00     658.00      10.00
   51      72.00      35.00      30.00     351.00     782.00      10.00
   52      55.00      20.00      19.00     161.00     610.00      10.00
   53      25.00      30.00       3.00      25.00     516.00      10.00
   54      20.00      50.00       5.00     239.00     630.00      10.00
   55      55.00      60.00      16.00     448.00     873.00      10.00
   56      30.00      60.00      16.00     420.00     897.00      10.00
   57      50.00      35.00      19.00     390.00     843.00      10.00
   58      30.00      25.00      23.00     227.00     686.00      10.00
   59      15.00      10.00      20.00     401.00     902.00      10.00
   60      10.00      20.00      19.00      42.00     706.00      10.00
   61      15.00      60.00      17.00     401.00     923.00      10.00
   62      45.00      65.00       9.00     110.00     525.00      10.00
   63      65.00      35.00       3.00      29.00     548.00      10.00
   64      65.00      20.00       6.00      39.00     593.00      10.00
   65      45.00      30.00      17.00      20.00     498.00      10.00
   66      35.00      40.00      16.00      11.00     530.00      10.00
   67      41.00      37.00      16.00     404.00     847.00      10.00
   68      64.00      42.00       9.00     100.00     555.00      10.00
   69      40.00      60.00      21.00     436.00     907.00      10.00
   70      31.00      52.00      27.00       9.00     510.00      10.00
   71      35.00      69.00      23.00     330.00     930.00      10.00
   72      65.00      55.00      14.00      81.00     520.00      10.00
   73      63.00      65.00       8.00      27.00     622.00      10.00
   74       2.00      60.00       5.00     135.00     556.00      10.00
   75      20.00      20.00       8.00     430.00     913.00      10.00
   76       5.00       5.00      16.00      63.00     520.00      10.00
   77      60.00      12.00      31.00     125.00     530.00      10.00
   78      23.00       3.00       7.00     390.00     900.00      10.00
   79       8.00      56.00      27.00     190.00     659.00      10.00
   80       6.00      68.00      30.00     215.00     608.00      10.00
   81      47.00      47.00      13.00     444.00     942.00      10.00
   82      49.00      58.00      10.00     249.00     580.00      10.00
   83      27.00      43.00       9.00      14.00     506.00      10.00
   84      37.00      31.00      14.00      19.00     566.00      10.00
   85      57.00      29.00      18.00     259.00     650.00      10.00
   86      63.00      23.00       2.00     198.00     609.00      10.00
   87      21.00      24.00      28.00     212.00     605.00      10.00
   88      12.00      24.00      13.00     272.00     565.00      10.00
   89      24.00      58.00      19.00      90.00     549.00      10.00
   90      67.00       5.00      25.00     325.00     897.00      10.00
   91      37.00      47.00       6.00     204.00     633.00      10.00
   92      49.00      42.00      13.00     442.00     937.00      10.00
   93      53.00      43.00      14.00      14.00     581.00      10.00
   94      61.00      52.00       3.00     373.00     928.00      10.00
   95      57.00      48.00      23.00     265.00     638.00      10.00
   96      56.00      37.00       6.00      20.00     539.00      10.00
   97      55.00      54.00      26.00     418.00     825.00      10.00
   98       4.00      18.00      35.00     426.00     787.00      10.00
   99      26.00      52.00       9.00      14.00     499.00      10.00
  100      26.00      35.00      15.00     149.00     586.00      10.00
  101      31.00      67.00       3.00     356.00     930.00      10.00
