instance=C101, CXPB1=0.5, MUTPB1=0.2, MUTPB2=0.2 
Algorithm took 15.69s

min, max, mean, std
0, 83026.54349, 781472.56693, 133312.25199, 125341.29164
1, 77272.38267, 657367.87559, 130100.40282, 117029.57782
2, 77287.20658, 696222.72585, 124946.21036, 128303.58363
3, 77439.73434, 485778.85929, 100060.76538, 61184.58482
4, 77439.73434, 677207.96263, 114136.16070, 105906.60305
5, 75771.53388, 472963.74159, 98379.12817, 64591.28675
6, 75683.78671, 696981.49903, 137974.97120, 131521.13045
7, 75604.37175, 493018.72641, 103988.99951, 75962.96328
8, 74885.29536, 518052.07400, 103690.73129, 75559.91991
9, 74743.47087, 512208.58102, 105039.31633, 84502.37660
10, 74543.34592, 332412.20892, 85827.88481, 35295.93674
11, 74543.34592, 410395.20296, 91313.77086, 57496.75196
12, 73753.63629, 311350.43332, 79256.33263, 23530.74895
13, 72665.51666, 457643.92935, 80886.78917, 38207.87952
14, 72265.13620, 110852.50284, 76363.25974, 5335.41188
15, 71612.10956, 570707.84113, 82100.06523, 51396.35908
16, 70442.65486, 91411.50993, 74271.51848, 2664.24916
17, 69026.68472, 82549.20531, 73365.87588, 1842.96252
18, 69687.45757, 658257.93283, 85678.86044, 81860.58762
19, 68457.25304, 647035.36730, 81426.35532, 62586.84678
20, 67437.72177, 440610.63188, 75248.18554, 36766.00458
21, 67437.72177, 353897.37643, 73963.53071, 28217.15857
22, 66943.31699, 77397.78235, 70373.47741, 1727.01991
23, 64799.12161, 80832.99342, 69950.05179, 2251.85816
24, 64650.93283, 78672.32360, 69217.32342, 2209.04459
25, 63933.26888, 77929.75062, 68606.13169, 1972.56666
26, 64358.85298, 79429.69321, 68056.39627, 2586.88104
27, 63125.31499, 110574.60822, 67646.29832, 4904.26807
28, 63887.74768, 81980.48008, 66737.67295, 2468.45550
29, 63102.22749, 82029.51206, 65943.07211, 2200.29967
30, 63102.22749, 79683.00324, 65568.71810, 2552.38270
31, 62243.56022, 76072.33095, 65105.56724, 2232.84399
32, 61849.71080, 77030.39918, 64407.61552, 2169.69350
33, 61820.03018, 664019.13790, 76618.67073, 81245.63024
34, 60210.59100, 73891.18536, 63630.81001, 2012.09066
35, 60210.59100, 661957.82883, 75560.03137, 83785.83429
36, 59779.01405, 657123.53193, 69447.47129, 59125.03352
37, 59186.26193, 649056.10919, 68856.73860, 58369.88957
38, 59186.26193, 662928.84567, 71143.44103, 67437.34697
39, 59004.28443, 659620.01276, 79307.15832, 101576.66800
40, 56298.46072, 652907.86295, 66763.04251, 58939.84933
41, 56298.46072, 655112.82538, 66477.25662, 59198.50240
42, 55539.12306, 96192.57656, 60453.00621, 4390.83159
43, 55434.79902, 658185.62397, 66042.97551, 59977.05589
44, 55434.79902, 69564.80954, 58558.84146, 2408.94059
45, 55410.74644, 64855.44279, 57597.07736, 1814.18322
46, 55427.57294, 385088.67953, 60808.11749, 32685.47366
47, 55337.33680, 481371.77905, 60798.54824, 42301.08660
48, 54564.34222, 67805.29039, 56679.59930, 2284.95907
49, 53765.13761, 207616.45851, 58059.42056, 15194.22565
50, 53205.94038, 64731.24674, 56221.90919, 2202.27427
51, 53205.94038, 431337.60614, 59561.20140, 37399.77177
52, 53267.92433, 64009.19152, 55238.14158, 1543.87218
53, 52526.03572, 63993.39500, 55067.03019, 1975.70072
54, 52526.03572, 99914.01823, 55387.01157, 4984.49388
55, 51200.22704, 408218.68912, 57830.31328, 35259.88255
56, 51200.22704, 232956.26160, 55920.13889, 17940.43348
57, 51200.22704, 65517.76110, 54001.00008, 2389.05262
58, 50752.56903, 63245.11423, 53339.69231, 2184.60410
59, 50299.46035, 63288.53753, 52878.40557, 2073.18250
60, 50299.46035, 62956.64226, 52380.97387, 1774.76540
61, 50118.80461, 64380.41197, 52532.12694, 2662.29211
62, 50264.03278, 254086.49003, 54293.02171, 20201.14877
63, 50097.45504, 65338.16494, 52162.30215, 2633.44399
64, 50030.41508, 332070.14843, 57141.66150, 39296.34096
65, 49783.00677, 60373.69078, 51574.50270, 2264.64762
66, 49663.73971, 63971.94092, 51632.08060, 2759.99786
67, 49127.85680, 60757.16245, 51273.94348, 2185.69978
68, 49127.85680, 59308.82243, 50794.36760, 1830.09361
69, 48363.77389, 61071.80065, 51404.99047, 2960.25013
70, 48363.77389, 60009.21871, 50810.68607, 2106.14729
71, 48363.77389, 59895.99080, 50563.54517, 2013.69670
72, 48218.91320, 62025.02695, 50103.74646, 1770.60536
73, 47815.39540, 58503.77451, 50158.53970, 2012.05348
74, 48014.02625, 59918.93919, 50327.29886, 2541.36122
75, 47916.67994, 60343.81818, 49821.32759, 2155.37422
76, 46896.73898, 57072.58351, 49404.21487, 1776.61390
77, 46795.81580, 58703.53103, 49365.50785, 2447.64006
78, 46307.04925, 60171.66190, 49092.55348, 2498.15611
79, 46206.33686, 57369.83503, 48451.36566, 1987.47753
80, 46206.33686, 56633.32301, 48286.84432, 2296.15204
81, 45663.87018, 60650.09088, 47808.95372, 2461.78415
82, 45663.87018, 55527.06204, 47374.09094, 1921.46136
83, 45359.79463, 56891.48114, 47193.80277, 2319.73226
84, 45171.26177, 57700.48190, 47045.53419, 2339.90709
85, 44813.63051, 243658.35616, 49136.70871, 19733.89200
86, 44813.63051, 53870.95672, 46699.21946, 2090.52607
87, 44640.46217, 59460.72124, 46635.38328, 2265.47502
88, 44640.46217, 54669.72872, 46635.41116, 2267.13357
89, 44509.39527, 80750.03070, 46922.41593, 4139.54420
90, 44399.99006, 434500.00501, 50146.60068, 38699.61320
91, 44059.97591, 60195.54706, 45829.32696, 2294.68508
92, 43881.04218, 170811.07539, 46945.53992, 12692.50067
93, 43803.15293, 60096.61384, 45783.38350, 2772.09611
94, 43463.26174, 54556.91144, 44963.49226, 1834.57149
95, 43707.58943, 54722.70092, 45504.42108, 2529.94593
96, 43299.32967, 392924.36203, 48493.92857, 34683.16720
97, 43149.96974, 240177.52308, 47032.21181, 19554.99189
98, 42412.93872, 53906.42848, 44933.08472, 2423.95373
99, 42412.93872, 52440.34400, 44641.21419, 1907.76751
100, 42412.93872, 57275.87179, 44395.78644, 2228.71690
101, 42412.93872, 53414.53692, 44595.02800, 2596.96374
102, 42280.37865, 58000.68557, 43986.55078, 2297.44740
103, 42263.57878, 54115.76168, 43755.03165, 1920.01144
104, 42263.57878, 72972.48518, 44192.72906, 3838.95080
105, 42020.06708, 58713.34570, 43835.84274, 2718.60360
106, 41870.70715, 376195.68632, 47080.82527, 33205.61347
107, 41696.56434, 55746.85992, 43595.83750, 2849.16991
108, 41696.56434, 51447.32496, 43510.50297, 2516.72577
109, 41493.03943, 52246.35736, 43000.97403, 1928.66783
110, 41493.03943, 53694.83369, 42877.26242, 2374.25633
111, 41268.10324, 52206.48356, 43182.88829, 2773.61419
112, 41100.16779, 56980.73229, 43418.91239, 3139.11388
113, 41100.16779, 484176.14580, 49177.96109, 47525.56508
114, 40888.34871, 52379.02680, 42510.98402, 2092.52658
115, 40638.70537, 59366.87872, 42813.06218, 3067.66193
116, 40638.70537, 112986.29043, 43096.44072, 7370.84955
117, 40540.57567, 59350.10469, 42457.31442, 2851.78771
118, 40452.79067, 260223.20489, 46402.00303, 30518.46683
119, 40373.28645, 281836.44977, 49074.86571, 38586.32775
120, 40332.18326, 258118.22685, 46440.64619, 30328.05712
121, 40373.28645, 260932.43847, 50541.91662, 42490.83649
122, 40359.60420, 267454.63784, 45915.73516, 30977.27955
123, 40359.60420, 435360.89741, 51270.78443, 54373.91464
124, 40294.56555, 49625.74571, 41340.57105, 1942.70874
125, 40280.88330, 51502.45745, 41455.84044, 2160.17272
126, 40280.88330, 50096.09460, 41438.59431, 2281.89296
127, 40068.59946, 50944.90936, 41626.85275, 2750.43971
128, 39890.61512, 52806.70642, 41675.64383, 2756.56457
129, 39890.61512, 49784.85914, 41150.29088, 1669.86314
130, 39890.61512, 51359.93129, 41211.92044, 2191.21080
131, 39811.89422, 56120.82509, 41592.04256, 3067.80158
132, 39811.89422, 51940.78573, 41962.80490, 3242.84751
133, 39811.89422, 50434.38343, 41437.88373, 2502.38494
134, 39811.89422, 156540.13804, 42708.42649, 11730.91049
135, 39748.66631, 49973.92904, 41146.72856, 2128.80262
136, 39748.66631, 238683.92769, 43973.65521, 20842.10102
137, 39689.84930, 49419.92432, 40901.28983, 1957.84422
138, 39689.84930, 50250.13700, 41074.05272, 2639.62124
139, 39225.52483, 59996.02004, 41108.83004, 3248.59243
140, 39225.52483, 53737.89316, 41154.71374, 2934.19354
141, 39103.47991, 62782.73702, 41128.37189, 3603.42529
142, 38878.21212, 125061.10447, 41474.47402, 8749.94611
143, 39103.47991, 48910.09527, 40431.77889, 1841.67065
144, 39031.20271, 52424.64941, 40380.29081, 2296.25448
145, 38878.21212, 51047.79341, 40792.72569, 3043.09594
146, 38878.21212, 49244.19474, 39997.61112, 2012.39327
147, 38805.93492, 50612.93128, 39828.10639, 1840.25321
148, 38805.93492, 64391.14578, 40364.29098, 3437.58311
149, 38839.88615, 52192.84212, 40221.13208, 2647.62653
150, 37898.17098, 51186.04886, 40101.23126, 2910.65435
151, 37898.17098, 51216.65881, 40041.37718, 2563.82287
152, 37898.17098, 81912.08076, 40034.68786, 4642.65137
153, 37766.90939, 50612.93128, 39824.93414, 2643.01508
154, 37766.90939, 54166.59322, 39853.89524, 3148.73765
155, 37717.18530, 329911.09030, 41966.00223, 29007.02667
156, 37585.92370, 51898.42393, 39347.99013, 2916.55718
157, 37716.47263, 515137.33395, 44107.66515, 47454.89436
158, 37624.24967, 254614.07748, 40995.46145, 21596.51774
159, 37624.24967, 376298.61899, 42144.16579, 33650.81973
160, 37600.45156, 48717.49727, 38816.86239, 2331.83139
161, 37585.92370, 307257.68835, 41861.16799, 26843.82323
162, 37549.35714, 136842.23135, 39726.58312, 9986.05431
163, 37443.80548, 49059.05246, 38983.62165, 2674.08054
164, 37415.44193, 129983.69813, 39170.82803, 9280.22692
165, 37195.57473, 49030.87786, 38832.33732, 2880.34529
166, 37195.57473, 50742.90424, 38835.71518, 2676.77654
167, 37184.91748, 46800.24342, 38325.45010, 1951.50882
168, 37183.15762, 93441.75546, 38980.83552, 6048.18490
169, 36981.55863, 50827.57411, 38804.30654, 2883.73623
170, 36935.09916, 50136.87662, 38576.62931, 2829.83011
171, 36811.07686, 53358.16744, 38141.25576, 2549.01682
172, 36811.07686, 50443.67146, 38344.11559, 2752.35736
173, 36802.82865, 50184.78346, 37994.10539, 2259.42204
174, 36802.82865, 357140.06750, 41790.95816, 31871.88006
175, 36787.27875, 50598.77121, 38642.32220, 3186.48005
176, 36787.27875, 47962.95096, 38099.94629, 2478.45661
177, 36787.27875, 49104.64720, 38226.23050, 2774.09408
178, 36677.21878, 48405.64535, 37940.58578, 2183.48267
179, 36677.21878, 50150.63867, 38186.53114, 2603.53059
180, 36503.85239, 489165.20418, 43171.44925, 45382.61135
181, 36503.85239, 375771.55217, 41496.00612, 33712.13138
182, 36503.85239, 48603.23476, 38027.68233, 2584.07800
183, 36503.85239, 54903.45100, 37683.09846, 2561.02269
184, 36292.30333, 47480.75422, 37698.79031, 2294.88757
185, 36292.30333, 48052.84238, 38101.93102, 2987.00917
186, 36144.07853, 49415.73072, 37841.56620, 2641.95262
187, 36144.07853, 48014.45335, 37377.81669, 1996.87402
188, 36144.07853, 151537.19091, 38795.93459, 11658.96377
189, 36144.07853, 51296.59331, 37540.36233, 2555.10264
190, 36144.07853, 158022.13948, 39127.43916, 12316.02287
191, 36144.07853, 47904.61758, 37644.31864, 2701.13988
192, 36144.07853, 49197.65901, 37422.59369, 2490.72263
193, 35994.51025, 471047.32742, 44633.01593, 48313.42841
194, 35994.51025, 48521.72071, 37663.90913, 2884.68468
195, 35822.85367, 52997.73190, 37803.77588, 3367.02052
196, 35665.56702, 47904.61758, 37439.09331, 2931.31361
197, 35593.24247, 289600.24640, 39808.07561, 25246.26789
198, 35593.24247, 470410.42536, 41336.08354, 43181.53040
199, 35593.24247, 458099.40729, 41587.14311, 41965.29852
200, 35593.24247, 48922.00800, 36953.20221, 2526.62359
201, 35461.34394, 209100.71294, 38923.93313, 17360.30518
202, 35100.30108, 46371.20644, 37007.27483, 2520.71692
203, 35634.25883, 128154.48610, 37819.30935, 9439.10259
204, 35461.34394, 47421.83158, 37096.98712, 2732.93891
205, 35451.89033, 354932.98326, 40604.11107, 31763.05713
206, 35461.34394, 65900.43096, 37285.44093, 4002.34032
207, 34927.41789, 252530.59536, 39508.98969, 22145.86043
208, 34927.41789, 51762.81810, 36869.80979, 2750.34928
209, 34927.41789, 238704.16553, 38809.11461, 20267.80978
210, 34914.37815, 50138.13574, 36947.67001, 3180.18669
211, 34908.41244, 50531.23315, 36513.33550, 2952.34745
212, 34723.19481, 47224.74738, 36156.72001, 2472.74862
213, 34723.19481, 82185.94352, 36677.45313, 5269.48028
214, 34723.19481, 51301.56626, 36727.63204, 3727.64968
215, 34704.18935, 409729.59137, 39505.81986, 37263.10980
216, 34704.18935, 47293.74211, 35879.96503, 2414.64638
217, 34704.18935, 45890.31709, 36446.65712, 3067.90026
218, 34684.96668, 46641.80770, 36071.08777, 2815.67488
219, 34647.22833, 46939.14784, 35874.52289, 2403.04758
220, 34609.00020, 45768.66518, 35392.44229, 1617.45981
221, 34571.29512, 47795.41293, 35654.93633, 2298.78477
222, 34295.97203, 46844.02509, 35941.23330, 2885.90387
223, 34295.97203, 237332.61517, 38116.66934, 20262.71151
224, 34295.97203, 574895.91491, 41195.76839, 53717.71554
225, 34276.96658, 51533.13750, 36277.81038, 3300.09981
226, 34295.97203, 45206.81459, 35870.35340, 2522.58026
227, 34239.14199, 236889.32386, 37813.07505, 20246.47556
228, 34253.04714, 81931.90661, 36219.21672, 5252.89013
229, 34094.78674, 298529.60442, 38277.32764, 26332.38823
230, 34061.77842, 190258.40244, 37350.87010, 15622.65562
231, 34061.77842, 47394.28746, 35523.28351, 2955.53379
232, 34061.77842, 344704.39001, 40193.61212, 36624.42773
233, 34061.77842, 50909.53036, 35268.69913, 2618.78343
234, 34061.77842, 46298.87502, 36039.83367, 3200.08305
235, 34061.77842, 45075.20705, 35236.08983, 2259.16339
236, 34061.77842, 46504.60282, 35839.17327, 3273.71591
237, 34061.77842, 50557.94687, 35679.13884, 3544.35022
238, 33969.05251, 45827.94861, 35099.41378, 2416.79773
239, 33969.05251, 50868.01501, 35412.13298, 3077.29862
240, 33969.05251, 44916.94665, 34993.89097, 2099.69926
241, 33969.05251, 47642.48619, 35308.14796, 2897.04336
242, 33969.05251, 261242.26997, 37750.47977, 22652.96226
243, 33969.05251, 47305.50457, 35322.37553, 3028.64188
244, 33969.05251, 44916.94665, 34701.72229, 1781.73900
245, 33933.44508, 45827.94861, 35062.99750, 2393.68120
246, 33933.44508, 49575.41546, 35468.43387, 3370.69646
247, 33883.33537, 72623.53835, 35591.12693, 4601.10547
248, 33905.26999, 45735.22270, 35199.59270, 2568.65453
249, 33819.86748, 250514.01474, 37911.53757, 21635.78730
250, 33791.69238, 46510.80371, 35067.43858, 2604.89344
251, 33791.69238, 47865.33138, 35341.49525, 3324.54155
252, 33791.69238, 47970.51966, 35152.42591, 2939.59097
253, 33791.69238, 251018.51434, 37240.69806, 21684.61156
254, 33791.69238, 48324.95486, 34973.23288, 2688.55913
255, 33569.38579, 44474.05162, 34599.08932, 1904.00431
256, 33791.69238, 458344.21273, 39601.38238, 42196.06907
257, 33604.99322, 45586.03766, 34816.32179, 2336.48229
258, 33604.99322, 42949.87697, 34917.31705, 2154.33534
259, 33604.99322, 534781.64618, 39657.85573, 49809.70384
260, 33569.38579, 45557.86257, 34750.44732, 2251.79264
261, 33569.38579, 45557.86257, 35174.08533, 2573.44685
262, 33514.92506, 44230.24804, 34669.78511, 2309.20709
263, 33514.92506, 52330.01409, 35179.05210, 3074.73474
264, 33514.92506, 49289.30019, 34812.68048, 2697.97701
265, 33514.92506, 465467.70488, 39116.62237, 42936.96672
266, 33514.92506, 45163.06225, 34577.94760, 1967.65113
267, 33514.92506, 45281.09524, 34764.05828, 2622.43799
268, 33479.31763, 49476.58478, 35296.00099, 3367.83794
269, 33471.73072, 519904.41069, 39407.94682, 48349.21530
270, 33471.73072, 70285.65335, 35380.05054, 4609.15615
271, 33471.73072, 458529.39299, 39017.72899, 42247.53688
272, 33471.73072, 282104.68721, 37059.08438, 24718.32551
273, 33471.73072, 45695.66524, 34505.09311, 2312.29797
274, 33462.19943, 44912.05455, 34862.78054, 2796.46804
275, 33462.19943, 43981.64856, 34587.23700, 2229.61133
276, 33462.19943, 47769.84147, 34743.58381, 2939.57232
277, 33406.17217, 48118.10210, 34901.35097, 2833.03384
278, 33454.61252, 49131.40630, 35127.32049, 3166.05161
279, 33454.61252, 43981.64856, 34496.27831, 2108.52337
280, 33454.61252, 45227.11432, 34799.11207, 2778.15533
281, 33353.88173, 46736.84834, 34915.25785, 3050.41765
282, 33353.88173, 44120.55610, 34449.33398, 2100.03213
283, 33200.26653, 123754.39177, 36124.76981, 10293.04583
284, 33200.26653, 46602.92235, 34852.10137, 2796.23306
285, 33060.60920, 45220.78271, 34657.40134, 2905.35514
286, 33060.60920, 45601.46224, 34717.59070, 2897.22551
287, 33060.60920, 45601.46224, 34359.65952, 2533.53925
288, 32964.04676, 47978.77800, 34622.63245, 2947.57988
289, 32964.04676, 43206.25736, 34146.13090, 2048.85943
290, 32964.04676, 44068.12674, 34454.46295, 2598.27277
291, 32830.88234, 46122.14512, 34627.68379, 3221.17252
292, 32830.88234, 49090.25735, 35044.97545, 3571.22933
293, 32830.88234, 47010.21816, 34362.59147, 2841.96332
294, 32830.88234, 538341.00065, 40232.14050, 50351.96495
295, 32728.58447, 46212.73501, 34487.58018, 3032.88168
296, 32728.58447, 43403.65280, 34065.33958, 2405.39494
297, 32728.58447, 172819.63756, 35582.28811, 14079.06843
298, 32701.96859, 52652.22096, 34299.31886, 3287.47686
299, 32690.55955, 141752.31139, 35380.16126, 11060.14467
300, 32690.55955, 40801.96173, 33418.23956, 1400.16458
301, 32690.55955, 299170.55182, 37148.65991, 26533.30009
302, 32690.55955, 136677.03967, 35095.89936, 10597.69743
303, 32668.56650, 42227.93283, 33785.67243, 2326.26955
304, 32690.55955, 49286.86734, 34398.60807, 3264.13077
305, 32640.01761, 50161.98292, 33747.10426, 2819.39701
306, 32640.01761, 44023.87936, 33748.51054, 2361.12756
307, 32640.01761, 45221.46033, 34173.70119, 3157.27066
308, 32640.01761, 88995.75356, 34997.15811, 6854.58652
309, 32640.01761, 45097.86064, 34367.30652, 3144.73653
310, 32469.59446, 45754.44897, 33794.36391, 2741.28580
311, 32640.01761, 223539.71362, 35644.60222, 19021.95839
312, 32571.86297, 391402.86542, 41210.20379, 50083.92437
313, 32571.86297, 53806.91519, 34116.45339, 3449.63890
314, 32553.83415, 48779.00337, 34031.95395, 2996.92221
315, 32553.83415, 53201.84767, 33656.42680, 2596.67030
316, 32571.86297, 45779.89807, 34807.15730, 3769.61407
317, 32441.96554, 44844.11372, 34009.48769, 2779.21485
318, 32441.96554, 44486.17276, 33711.54350, 2469.48804
319, 32441.96554, 44844.11372, 33523.74555, 2120.41204
320, 32441.96554, 44393.93629, 33822.87689, 2657.42795
321, 32441.96554, 44393.93629, 34189.12163, 3193.80505
322, 32441.96554, 336326.03291, 37820.78263, 31465.91569
323, 32441.96554, 361234.22571, 36969.96521, 32703.10755
324, 32103.70327, 160850.21034, 34871.85672, 12929.14528
325, 32103.70327, 466960.34159, 39742.80941, 45050.68982
326, 32103.70327, 499876.42665, 38134.46993, 46454.57880
327, 32064.80659, 44284.51926, 33809.78969, 2993.48572
328, 32064.80659, 44225.14218, 33216.62554, 2333.83058
329, 32064.80659, 44856.48902, 33382.13503, 2691.14318
330, 32064.80659, 57923.23397, 33978.88162, 3982.14681
331, 32064.80659, 51163.48869, 33459.25667, 2995.80869
332, 32034.78376, 46283.38824, 33425.99334, 2780.75489
333, 32034.78376, 54134.31126, 34644.21561, 4527.65838
334, 32034.78376, 235977.60359, 35208.31196, 20498.78396
335, 32034.78376, 42493.00041, 33565.67189, 2647.69066
336, 32034.78376, 438179.98096, 37428.52681, 40364.96377
337, 31995.88708, 42513.46858, 32953.19999, 2162.28467
338, 31995.88708, 43946.25699, 33239.70199, 2455.63985
339, 31995.88708, 39753.32490, 33110.91221, 2051.06762
340, 31802.37340, 48758.12127, 33562.06304, 3453.55791
341, 31995.88708, 156522.25915, 34514.95007, 12534.04646
342, 31995.88708, 43838.44079, 33393.02024, 2916.02645
343, 31953.76795, 54817.76572, 33661.17117, 3439.95556
344, 31953.76795, 43838.44079, 33331.37602, 2938.95099
345, 31953.76795, 43838.44079, 33331.10804, 2762.37961
346, 31949.52745, 84457.11788, 33670.31535, 5723.17900
347, 31949.52745, 43838.44079, 33185.22472, 2541.92996
348, 31907.40832, 42937.52107, 33198.74844, 2545.26148
349, 31907.40832, 40882.03824, 32678.21070, 1493.54016
350, 31822.23058, 304783.05594, 35700.72813, 27152.05859
351, 31808.57789, 232821.99306, 35273.36059, 20085.46435
352, 31822.23058, 129891.74038, 34496.46564, 10102.26954
353, 31805.21090, 43749.96203, 33096.78474, 2741.91827
354, 31822.23058, 387168.72580, 39424.86597, 40781.92730
355, 31815.31143, 44681.50096, 32784.86545, 2303.72589
356, 31815.31143, 44786.46474, 32972.04943, 2437.05664
357, 31815.31143, 42842.94007, 32845.67340, 2226.26506
358, 31758.16331, 44428.64385, 33037.38924, 2810.22268
359, 31758.16331, 43664.78430, 33244.33441, 2866.62293
360, 31758.16331, 538490.63113, 42089.30905, 62524.37846
361, 31758.16331, 56146.96102, 33370.17516, 3823.47323
362, 31756.98674, 42295.43894, 33070.82973, 2359.32651
363, 31756.98674, 43267.73770, 33188.15633, 2913.35883
364, 31756.98674, 44818.19911, 33121.00132, 3026.92163
365, 31756.98674, 44017.79136, 32730.69939, 1974.69137
366, 31664.88985, 180348.31576, 34093.63433, 14815.82578
367, 31692.62701, 43821.71302, 32890.36334, 2499.64053
368, 31666.06642, 43210.58958, 33007.69832, 2806.34153
369, 31666.06642, 44797.56955, 33110.20076, 2839.54573
370, 31570.85412, 49670.77324, 32921.52970, 2922.89110
371, 31570.85412, 44404.49518, 33242.50825, 3053.98689
372, 31570.85412, 558199.27373, 38258.95273, 52329.23308
373, 31570.85412, 44312.39829, 32962.53172, 2715.18016
374, 31477.58066, 43109.96103, 32779.05368, 2564.12639
375, 31477.58066, 45225.72298, 33063.08198, 2891.76001
376, 31477.58066, 42567.68637, 32739.73426, 2461.12396
377, 31412.04436, 151360.59500, 34416.62603, 12086.07896
378, 31088.30543, 43571.64017, 33075.80644, 2827.06902
379, 31088.30543, 43975.99502, 33123.88255, 3272.45567
380, 30899.81967, 44075.37500, 32833.00597, 2815.89996
381, 30899.81967, 46621.23099, 32868.91761, 3284.03302
382, 30899.81967, 179905.14355, 33984.13325, 14905.53980
383, 30890.53758, 212562.63705, 34552.21732, 18136.67678
384, 30890.53758, 44865.90803, 32808.82766, 3033.77230
385, 30890.53758, 46075.09772, 32623.28079, 3135.32237
386, 30772.94460, 42930.85915, 32022.13675, 2076.82973
387, 30772.94460, 42342.96385, 32095.58663, 2356.10183
388, 30762.48594, 42733.09130, 31945.25262, 1995.23488
389, 30762.48594, 42793.98862, 32069.08029, 2525.72862
390, 30762.48594, 42605.03965, 32310.27056, 2774.33935
391, 30762.48594, 43391.66380, 32063.61863, 2473.87558
392, 30762.48594, 41665.28246, 31799.15380, 2107.07363
393, 30762.48594, 158685.79440, 33609.45612, 12919.74032
394, 30762.48594, 48345.24080, 32439.28319, 3564.75406
395, 30719.65746, 202307.46022, 33235.24422, 17098.63853
396, 30719.65746, 41394.35201, 32274.18919, 2749.14957
397, 30719.65746, 42605.03965, 32036.03712, 2585.15358
398, 30623.45621, 75237.36689, 32623.91120, 5198.16263
399, 30688.87701, 42410.28192, 32104.01258, 2819.13869
400, 30688.87701, 42860.45935, 31705.79438, 2438.29176
401, 30688.87701, 46131.72130, 32118.97021, 3114.99364
402, 30688.87701, 64213.77462, 32032.22202, 4022.01339
403, 30485.89939, 45084.24775, 31706.76024, 2450.90888
404, 30485.89939, 440287.00889, 39168.57916, 52962.08222
405, 30485.89939, 376443.30736, 35294.89558, 34389.17623
406, 30485.89939, 411622.54508, 35703.69130, 37886.38281
407, 30485.89939, 42367.45344, 31787.74157, 2448.76657
408, 30455.11893, 44837.58090, 32330.49892, 3372.37970
409, 30455.11893, 42089.25459, 31837.45046, 2675.87467
410, 30455.11893, 42972.85323, 31965.29889, 2765.74798
411, 30455.11893, 41320.74308, 31640.53935, 2315.54852
412, 30455.11893, 43605.62526, 31730.33563, 2461.53449
413, 30416.76151, 42941.95957, 31494.46125, 2375.03258
414, 30416.76151, 452524.25877, 35994.43442, 41942.64790
415, 30360.29896, 45337.44437, 31809.28944, 3036.31720
416, 30360.29896, 46640.62829, 31908.06802, 3251.44011
417, 30276.05855, 42539.95246, 31753.51192, 2662.37019
418, 30276.05855, 42292.89262, 31636.17111, 2685.17594
419, 30276.05855, 38274.00053, 31142.84241, 1523.70659
420, 30263.11927, 58095.84624, 31998.10723, 3961.50618
421, 30276.05855, 42089.25459, 31695.55068, 2784.31681
422, 30276.05855, 43242.08927, 32139.48696, 3223.98896
423, 30260.51483, 543859.45030, 36658.88863, 51027.74170
424, 30276.05855, 374141.72561, 36872.04967, 39441.39339
425, 30198.46396, 44755.89460, 31404.74821, 2529.23793
426, 30198.46396, 40592.48347, 31511.20559, 2222.88226
427, 30198.46396, 39455.44753, 31515.17853, 2081.21635
428, 30184.96919, 39503.71783, 31350.05647, 2121.24039
429, 30198.46396, 40859.39323, 31303.37719, 2439.39544
430, 30198.46396, 41910.19421, 31862.65310, 3088.99949
431, 30198.46396, 49434.05185, 31180.30263, 2484.90698
432, 30173.60310, 307348.60955, 34453.52690, 27628.15781
433, 30173.60310, 431784.20719, 35150.80439, 39916.42135
434, 30173.60310, 220129.54393, 32930.42469, 18920.83151
435, 30173.60310, 41832.59961, 31484.83895, 2772.71249
436, 30149.55874, 40810.57686, 30997.62162, 1794.78964
437, 30051.41683, 43822.53990, 31424.92448, 2633.90065
438, 30051.41683, 43224.87561, 31631.60194, 2939.54172
439, 30047.76718, 63132.46823, 32535.69331, 5419.59164
440, 30014.86742, 41832.59961, 31164.93237, 2371.22563
441, 29965.96220, 393478.40679, 35020.62359, 36124.96045
442, 29801.80704, 66131.37550, 32743.71446, 6138.89422
443, 29801.80704, 470287.65383, 37544.42401, 45318.61796
444, 29801.80704, 47281.23747, 31635.35991, 3277.87692
445, 29776.94618, 55748.58403, 31547.75191, 3638.03321
446, 29654.75991, 470191.44103, 37046.80735, 46751.85349
447, 29599.89906, 40095.92437, 30995.28923, 2350.80540
448, 29599.89906, 308982.69419, 35458.29668, 30563.35735
449, 29599.89906, 41868.08598, 31408.36170, 2960.28913
450, 29599.89906, 40451.35393, 31327.60753, 2878.50723
451, 29524.12416, 41584.61653, 31050.17050, 2508.80181
452, 29524.12416, 76248.11393, 31270.13613, 5186.88624
453, 29524.12416, 521013.29089, 35635.25700, 48845.32090
454, 29522.67396, 48710.13871, 30646.32163, 2854.13933
455, 29455.44098, 42302.14497, 30598.90634, 2435.18392
456, 29455.44098, 549983.51012, 35516.25679, 51731.97978
457, 29400.58013, 40312.18863, 30748.03749, 2724.45431
458, 29400.58013, 47501.71729, 31188.60330, 3582.18087
459, 29400.58013, 49625.12572, 30420.49078, 2707.67688
460, 29400.58013, 43669.37003, 30764.73503, 2820.69885
461, 29400.58013, 42890.73145, 30920.87597, 3201.91817
462, 29381.49397, 45748.39409, 31273.14355, 3161.07145
463, 29381.49397, 168889.75523, 32329.21142, 14037.83308
464, 29381.49397, 43502.56827, 31060.08488, 3283.31650
465, 29381.49397, 181288.06041, 32097.19723, 15287.04751
466, 29381.49397, 41068.25313, 30225.95370, 1918.16612
467, 29381.49397, 65470.65811, 31332.70500, 4624.02052
468, 29216.28721, 45648.75593, 30528.15799, 2889.26202
469, 29216.28721, 108420.72158, 31544.90976, 8241.87975
470, 29216.28721, 45254.43266, 30905.80240, 3153.99151
471, 29216.28721, 431691.42121, 34528.43532, 39990.07450
472, 29216.28721, 45717.88000, 30683.22466, 2776.57346
473, 29216.28721, 40060.45874, 30330.67557, 2325.97601
474, 29216.28721, 42686.02667, 30678.54519, 2982.22131
475, 29201.80194, 42782.14109, 31034.05132, 3498.63682
476, 29201.80194, 43605.48249, 31287.28122, 3710.52542
477, 29195.02509, 192369.23305, 32399.01885, 16368.54656
478, 29195.02509, 116837.61421, 31011.41497, 8877.21083
479, 29192.26958, 489108.05087, 35004.36083, 45711.40854
480, 29141.80507, 42789.48266, 30236.10666, 2405.16631
481, 29138.84006, 42931.02872, 30739.92940, 3128.32385
482, 29138.84006, 48422.16070, 30798.06229, 3546.24885
483, 29138.84006, 41048.28119, 30098.15130, 2236.75483
484, 29123.28021, 42604.76402, 30647.96486, 3314.72373
485, 28919.10089, 52063.31644, 30639.60682, 3434.95009
486, 29123.28021, 354713.96656, 33561.61343, 32364.55547
487, 29033.62143, 42604.76402, 30485.29259, 2947.74345
488, 29120.31520, 38838.35617, 30076.88171, 2101.50398
489, 29120.31520, 41359.60038, 30607.70964, 2807.94910
490, 28900.51802, 43274.77833, 30915.11414, 3560.97417
491, 28900.51802, 42679.38404, 30125.20731, 2399.10923
492, 28900.51802, 370572.96156, 33945.34006, 33978.14449
493, 28900.51802, 267642.20462, 33791.52377, 25337.82611
494, 28890.98566, 446548.78636, 34429.75046, 41520.24677
495, 28890.98566, 304116.39341, 32758.20307, 27351.88617
496, 28864.80395, 41924.68908, 29864.12616, 2071.59686
497, 28861.83893, 53908.75528, 30785.52042, 3966.56361
498, 28789.81527, 43582.57317, 31074.32645, 3459.52508
499, 28780.28291, 44741.63231, 30501.88797, 3164.05129
500, 28780.28291, 216606.88353, 31930.65216, 18714.37057
501, 28780.28291, 44810.17442, 30556.27690, 3457.44231
502, 28780.28291, 42962.57476, 30154.39644, 2870.28248
503, 28780.28291, 42331.42176, 29970.93697, 2680.79023
504, 28728.16562, 42331.42176, 30187.77447, 2928.72195
505, 28728.16562, 89431.08905, 30625.16766, 6596.42065
506, 28728.16562, 42207.28081, 30101.17644, 2915.54053
507, 28728.16562, 80903.29216, 30175.39317, 5448.54627
508, 28728.16562, 43885.72670, 30345.67976, 3178.43765
509, 28728.16562, 197403.52742, 32260.59283, 16944.42698
510, 28728.16562, 42331.42176, 30063.44348, 2797.77145
511, 28728.16562, 42197.74845, 30123.01923, 2996.87085
512, 28728.16562, 40440.15159, 29626.88451, 2105.77399
513, 28728.16562, 40460.68024, 29677.53145, 2557.52877
514, 28728.16562, 42197.74845, 29705.21826, 2534.27245
515, 28728.16562, 41329.11852, 30331.00135, 3107.93314
516, 28728.16562, 42197.74845, 30056.48762, 2815.56426
517, 28728.16562, 40440.15159, 30164.31099, 2645.55714
518, 28527.63327, 390958.21035, 37290.60134, 45461.07075
519, 28527.63327, 49638.53485, 29800.55543, 2813.62323
520, 28527.63327, 42197.74845, 29957.01902, 2649.69800
521, 28527.63327, 166997.03240, 31217.95142, 13889.60851
522, 28527.63327, 548514.57115, 45607.63382, 88328.46560
523, 28527.63327, 42197.74845, 30301.76095, 3330.03198
524, 28464.69432, 548064.39372, 35055.28802, 51643.71171
525, 28464.69432, 125703.25505, 30770.63972, 9902.23728
526, 28464.69432, 62141.16306, 30424.01292, 4397.13050
527, 28464.69432, 39241.19906, 29364.85280, 1910.05522
528, 28464.69432, 41974.79076, 29801.10531, 2754.43564
529, 28464.69432, 72881.73580, 30500.21879, 5193.87641
530, 28464.69432, 41974.79076, 29929.65891, 2867.00126
531, 28464.69432, 46007.46163, 29568.18098, 2723.84536
532, 28464.69432, 535301.89466, 37839.08079, 57012.94844
533, 28464.69432, 40252.92430, 29626.39979, 2381.44478
534, 28464.69432, 47009.06026, 29885.31500, 3176.95165
535, 28464.69432, 41974.79076, 29914.27206, 3148.05595
536, 28419.54780, 47314.57102, 29573.73649, 2972.23036
537, 28407.92984, 42462.73618, 29659.83058, 2875.25199
538, 28419.54780, 150283.41497, 31665.89633, 12598.05909
539, 28419.54780, 40176.68029, 29779.66960, 2743.57482
540, 28419.54780, 41974.79076, 29836.52105, 2909.53527
541, 28419.54780, 120480.04271, 30597.06743, 9420.37209
542, 28412.23757, 556971.25471, 36694.12496, 53607.14777
543, 28412.23757, 40993.40033, 29756.08346, 2642.67345
544, 28412.23757, 43606.64676, 29527.06529, 2599.63218
545, 28412.23757, 41974.79076, 29785.71291, 3028.30322
546, 28412.23757, 40131.53377, 29273.43027, 1994.97914
547, 28407.66370, 66327.65595, 30228.45899, 4580.47526
548, 28405.00294, 41922.33401, 30186.92028, 3125.08021
549, 28407.66370, 41929.64424, 30025.15989, 3204.60277
550, 28407.66370, 42997.58971, 30329.87001, 3587.43206
551, 28407.66370, 39156.95445, 29536.25093, 2354.26875
552, 28405.00294, 177945.01909, 31428.45062, 15018.04172
553, 28400.42907, 40272.81566, 29870.01534, 2717.25930
554, 28400.42907, 41922.33401, 29760.36931, 2719.24075
555, 28400.42907, 36951.33226, 29042.58028, 1429.76776
556, 28400.42907, 46893.18047, 29686.92833, 2737.14086
557, 28372.92259, 42360.70293, 29527.36064, 2749.87186
558, 28372.92259, 48034.21029, 29632.89818, 3206.13953
559, 28331.04236, 394972.55231, 33389.61439, 36419.70629
560, 28327.01985, 45447.45893, 29695.10344, 3059.72838
561, 28327.01985, 42367.93757, 29693.63836, 3081.64800
562, 28327.01985, 41841.13880, 29488.07335, 2854.60793
563, 28327.01985, 399391.74690, 34511.72270, 38129.08932
564, 28315.49864, 398372.33691, 33060.54708, 36787.23656
565, 28277.90499, 398326.48373, 40311.94892, 62703.75835
566, 28277.90499, 398946.01401, 46242.69397, 74907.34453
567, 28257.63314, 411451.76187, 47750.88033, 80955.98839
568, 28250.39851, 410298.57970, 40781.50369, 63689.44175
569, 28250.39851, 410218.90019, 47762.46608, 80801.66703
570, 28234.85478, 406436.46230, 33614.40726, 37627.52876
571, 28234.85478, 406310.36584, 52446.70294, 88170.38839
572, 28234.85478, 406795.13718, 55470.55923, 94354.93629
573, 28234.85478, 421494.19560, 42823.22386, 65647.36743
574, 28234.85478, 41760.49494, 29773.32462, 3359.15301
575, 28234.85478, 422988.96186, 37598.03371, 53595.02407
576, 28234.85478, 43847.21905, 29794.03132, 3209.86875
577, 28234.85478, 116596.49267, 29964.09859, 8901.05499
578, 28200.11762, 282769.39114, 33929.16453, 29533.10926
579, 28200.11762, 43128.35652, 29376.75430, 2955.34809
580, 28200.11762, 45256.10101, 29852.72174, 3633.28986
581, 28200.11762, 42113.01258, 29309.00881, 2480.00488
582, 28200.11762, 152244.94235, 30984.15509, 12477.21519
583, 28200.11762, 46158.68935, 29652.21947, 3059.07321
584, 28200.11762, 44348.33226, 29725.55557, 2983.82904
585, 28200.11762, 43994.62001, 29477.29694, 2740.40488
586, 28200.11762, 40319.61101, 29639.39553, 2887.35510
587, 28200.11762, 41056.45507, 29383.47282, 2533.54265
588, 28200.11762, 42272.87734, 29608.54041, 3044.39484
589, 28196.91302, 41710.21405, 29262.61699, 2719.88846
590, 28196.91302, 92164.85876, 30248.77896, 6797.60854
591, 28105.24152, 39912.10358, 29256.10767, 2210.44023
592, 28105.24152, 180734.46436, 30835.26790, 15272.06151
593, 28105.24152, 43187.28702, 29807.21328, 3332.67535
594, 28102.03693, 39817.22749, 29076.06069, 2023.37701
595, 28102.03693, 51431.42954, 29759.90175, 3571.97715
596, 28102.03693, 41707.00946, 29364.23464, 2616.84420
597, 28102.03693, 40788.17349, 29464.62604, 2881.58133
598, 28102.03693, 43106.09307, 29365.64109, 2654.77744
599, 28102.03693, 43364.37275, 29007.09236, 2132.31928
600, 28087.85395, 77435.38200, 29897.93689, 5519.81094
601, 27919.15764, 34059.47508, 28563.67394, 1029.49845
602, 27919.15764, 43825.08787, 29464.82613, 2839.72802
603, 28032.77967, 41612.13337, 30062.75975, 3541.93991
604, 28032.77967, 284099.53786, 34537.34354, 30768.03841
605, 28032.77967, 41612.13337, 29458.31299, 2697.75210
606, 28032.77967, 40133.46131, 29117.63009, 2211.28419
607, 28007.03621, 61825.47574, 29680.87325, 4272.10915
608, 28007.03621, 41542.87610, 29325.08348, 2647.43912
609, 28007.03621, 61804.34637, 29382.32155, 4170.67573
610, 27992.85322, 39741.15903, 29511.23073, 2818.69818
611, 27960.66888, 530837.40764, 37122.08413, 55424.48214
612, 27960.66888, 104742.89830, 30160.04522, 8794.30448
613, 27874.56887, 41803.23211, 29248.31338, 2680.08863
614, 27960.66888, 42008.25548, 29093.06747, 2593.42458
615, 27946.48590, 41612.63116, 29348.79577, 2933.44176
616, 27946.48590, 41422.21036, 29057.72529, 2553.48159
617, 27946.48590, 54010.84493, 29860.21378, 3666.90461
618, 27946.48590, 41470.76532, 29625.65489, 3174.41628
619, 27946.48590, 39742.47187, 29399.96264, 2527.76719
620, 27946.48590, 88503.21465, 29909.33239, 6452.98836
621, 27946.48590, 41925.44281, 29861.83500, 3639.43748
622, 27946.48590, 42031.65491, 29166.10079, 2558.21047
623, 27946.48590, 41544.18894, 29020.26980, 2348.95869
624, 27946.48590, 110348.65473, 30229.98687, 8529.58951
625, 27946.48590, 80673.46441, 29841.01324, 6271.60433
626, 27946.48590, 246741.88870, 30673.06000, 21780.62917
627, 27886.18101, 42438.55993, 29353.49410, 2983.66820
628, 27886.18101, 41456.58233, 28892.43291, 2093.70393
629, 27886.18101, 41456.58233, 29200.02073, 2810.21501
630, 27886.18101, 42441.14208, 29639.41550, 3166.92500
631, 27886.18101, 38680.70057, 29039.19704, 2241.71052
632, 27886.18101, 409373.74886, 33134.10105, 37940.62763
633, 27886.18101, 41427.07864, 29176.28492, 2685.43905
634, 27793.57080, 41849.41896, 29092.79244, 2869.15586
635, 27793.57080, 41427.07864, 29254.20075, 2806.09812
636, 27793.57080, 457411.32092, 33533.79619, 42698.75524
637, 27793.57080, 40884.92244, 29156.95267, 2785.75573
638, 27793.57080, 40405.75956, 29252.60018, 2951.92343
639, 27722.14666, 41953.12030, 28995.16910, 2689.83058
640, 27722.14666, 41334.46842, 29112.83308, 2820.81245
641, 27722.14666, 43347.41176, 29933.18559, 3704.81914
642, 27722.14666, 42769.72740, 29508.54272, 3505.95344
643, 27722.14666, 39501.95016, 29204.94738, 2993.63094
644, 27722.14666, 41397.16114, 29054.60498, 2946.69670
645, 27722.14666, 41599.34704, 29561.55667, 3705.43441
646, 27722.14666, 39501.95016, 28848.16871, 2347.56703
647, 27722.14666, 91170.22246, 30116.40331, 7003.94337
648, 27722.14666, 141959.87682, 30574.28080, 11656.59095
649, 27722.14666, 186231.04841, 30695.19506, 15872.85018
650, 27722.14666, 41263.04428, 28972.52689, 2601.25842
651, 27722.14666, 48759.70959, 29062.54513, 2993.17759
652, 27722.14666, 39820.09230, 28669.48084, 2039.94532
653, 27669.01638, 41646.99276, 29102.93799, 3020.66133
654, 27669.01638, 39723.92160, 29023.00605, 2716.76828
655, 27669.01638, 50796.37794, 29308.21635, 3614.45629
656, 27669.01638, 38141.13441, 28589.87081, 2010.30099
657, 27669.01638, 388640.09383, 32275.84199, 35880.74918
658, 27669.01638, 41263.04428, 29522.92169, 3464.13404
659, 27669.01638, 41566.10054, 28859.16259, 2395.76687
660, 27669.01638, 38774.50346, 29050.05761, 2746.98619
661, 27613.33666, 114113.31697, 29472.54092, 8804.62997
662, 27613.33666, 328364.26081, 31897.04827, 29913.33132
663, 27613.33666, 38324.46517, 28402.03560, 1738.11463
664, 27613.33666, 41373.45738, 28607.01488, 2302.72124
665, 27582.24284, 106909.97378, 29736.39630, 8234.06948
666, 27613.33666, 41317.77766, 28701.46786, 2399.11293
667, 27613.33666, 62855.30286, 28990.29353, 4021.28050
668, 27613.33666, 41924.64136, 28731.85477, 2931.31802
669, 27613.33666, 40917.72521, 28639.60743, 2405.81843
670, 27613.33666, 41317.77766, 28533.54873, 2298.51575
671, 27613.33666, 155480.95609, 29994.47598, 12934.50579
672, 27613.33666, 268347.38851, 31143.04137, 23987.42683
673, 27613.33666, 223958.94004, 30814.72996, 19584.23903
674, 27613.33666, 38561.64565, 28696.34204, 2501.15825
675, 27613.33666, 41317.77766, 28926.74387, 3052.29390
676, 27613.33666, 45072.62004, 28692.59648, 2510.96178
677, 27613.33666, 38682.50084, 28447.44214, 1990.79487
678, 27613.33666, 48654.40471, 29007.44181, 3457.96157
679, 27613.33666, 286487.56426, 31668.77433, 25782.98624
680, 27613.33666, 38185.61312, 28597.77722, 2191.09756
681, 27516.78844, 42329.18820, 29167.50277, 3251.88901
682, 27516.78844, 37247.20734, 28393.35400, 1794.90797
683, 27516.78844, 38830.79553, 28734.45153, 2379.69285
684, 27516.78844, 38594.72218, 28412.82044, 2050.39073
685, 27495.26946, 41317.77766, 28655.84554, 2607.78647
686, 27516.78844, 125166.62793, 29503.83942, 9804.62693
687, 27516.78844, 45221.60340, 28752.27666, 2686.93927
688, 27516.78844, 38355.76275, 28985.10800, 2705.55974
689, 27516.78844, 41221.22944, 28716.60120, 2558.15893
690, 27516.78844, 40134.99473, 28699.23934, 2488.02591
691, 27516.78844, 162012.52427, 30444.29846, 13593.86186
692, 27516.78844, 217063.18811, 31691.46241, 19264.32872
693, 27516.78844, 43367.90776, 29177.52151, 3263.94089
694, 27516.78844, 41221.22944, 29024.01656, 3068.95813
695, 27516.78844, 41830.67350, 29191.50009, 3229.51679
696, 27513.57574, 42757.45341, 29410.92319, 3556.28407
697, 27513.57574, 68708.25601, 29223.12485, 4745.54233
698, 27513.57574, 36825.06100, 28398.29531, 1940.48750
699, 27513.57574, 38617.25044, 28699.95410, 2651.96570
700, 27513.57574, 37226.45395, 28392.44895, 1781.65977
701, 27513.57574, 41218.01674, 28568.80536, 2223.37263
702, 27513.57574, 150325.46350, 30073.95889, 12478.68158
703, 27513.57574, 245482.08982, 31038.18474, 21956.35422
704, 27513.57574, 387877.11602, 32455.58267, 35836.41668
705, 27513.57574, 180127.53704, 29908.48158, 15273.50428
706, 27513.57574, 41218.01674, 28779.60534, 3072.42365
707, 27513.57574, 41218.01674, 28786.07034, 2734.63819
708, 27513.57574, 413962.05165, 32093.32453, 38422.19831
709, 27513.57574, 38270.26564, 28810.90097, 2852.72192
710, 27513.57574, 45257.79370, 28498.47112, 2525.73499
711, 27513.57574, 136351.74417, 30004.65684, 11008.87248
712, 27513.57574, 42875.06846, 28929.85277, 2850.97059
713, 27513.57574, 145483.46645, 29815.70190, 11930.83314
714, 27459.70550, 39589.81600, 28508.53965, 2268.06329
715, 27513.57574, 44194.33845, 29119.01618, 3066.04531
716, 27513.57574, 191009.74368, 30672.59732, 16368.04517
717, 27513.57574, 240291.33433, 30757.98216, 21224.20529
718, 27498.46420, 37834.75636, 28320.04238, 1793.41454
719, 27498.46420, 41218.01674, 28726.17852, 2625.18029
720, 27498.46420, 40857.37627, 28176.74693, 1952.00419
721, 27498.46420, 122464.89354, 29412.67108, 9630.15302
722, 27498.44248, 41582.73641, 28900.74912, 2962.29148
723, 27484.78685, 38091.24540, 28290.35116, 2166.55242
724, 27484.78685, 72558.64233, 29150.59020, 5111.05981
725, 27484.78685, 39948.76630, 28957.05644, 2837.64338
726, 27484.78685, 41202.90520, 28318.57778, 2165.94607
727, 27484.78685, 49822.56599, 29479.59544, 3916.99525
728, 27460.15632, 41202.90520, 29102.34960, 3122.67119
729, 27460.13460, 38255.15409, 28875.69876, 2617.95464
730, 27460.13460, 39242.67163, 28592.09183, 2482.52042
731, 27460.13460, 263644.66335, 30802.31966, 23536.31626
732, 27460.13460, 38085.48345, 28712.94417, 2445.46386
733, 27460.13460, 301437.81641, 31373.78698, 27251.64745
734, 27460.13460, 45930.04603, 28843.51510, 3514.99423
735, 27460.13460, 49177.10282, 29149.96104, 4142.94840
736, 27426.19642, 41164.59732, 28640.93628, 2294.40923
737, 27426.19642, 191617.39854, 30370.05402, 16443.51862
738, 27426.19642, 56608.62132, 29300.76889, 4442.25589
739, 27426.19642, 47703.94615, 29555.51872, 4062.04388
740, 27426.19642, 42862.49175, 28879.78019, 3247.56286
741, 27426.19642, 41164.57559, 28814.95257, 2732.87798
742, 27404.67744, 210815.83834, 29997.09562, 18254.00019
743, 27404.67744, 41172.36740, 28723.50682, 2843.48376
744, 27404.67744, 40257.14114, 29108.23054, 3220.28690
745, 27404.67744, 35230.14811, 28163.76506, 1590.03574
746, 27404.67744, 44227.47678, 28865.78889, 3263.51384
747, 27373.49832, 41784.00450, 28873.42746, 3436.07559
748, 27404.26659, 42105.60466, 28396.39626, 2423.43244
749, 27412.05428, 41130.63742, 28714.85766, 2641.48200
750, 27412.05428, 42527.83933, 28626.67107, 2727.33698
751, 27412.05428, 38901.17211, 29114.45316, 2994.03805
752, 27412.05428, 41448.77955, 29091.27155, 3480.04719
753, 27412.05428, 41130.63742, 28626.29320, 2751.98990
754, 27412.05428, 40257.14114, 28640.88287, 2506.10677
755, 27412.05428, 35745.97214, 28201.52874, 1767.46343
756, 27412.05428, 42396.25973, 28880.31776, 2884.38181
757, 27319.47569, 37887.05613, 28362.50987, 1975.41743
758, 27319.47569, 41789.64108, 28714.92145, 3339.39427
759, 27319.47569, 41133.58693, 28671.82015, 2870.30721
760, 27319.47569, 41116.49528, 28610.76780, 2874.44367
761, 27319.47569, 41116.49528, 28753.61598, 3186.95694
762, 27001.33355, 41568.30980, 28629.64151, 2838.14066
763, 27001.33355, 42318.91825, 28818.52159, 3254.39844
764, 27001.33355, 100750.44112, 29276.84932, 7637.07425
765, 27001.33355, 42206.04697, 28487.66044, 3057.60629
766, 26950.30975, 56468.38550, 29036.47942, 4469.60124
767, 26950.30975, 45259.70364, 28388.95783, 2774.92117
768, 26950.30975, 40074.32042, 28378.32866, 2843.93878
769, 26950.30975, 130625.22253, 29122.43640, 10500.73294
770, 26950.30975, 463640.25918, 32283.35325, 43431.12694
771, 26950.30975, 43811.21385, 28595.32227, 3291.10559
772, 26950.30975, 356728.40319, 31761.07568, 32821.79884
773, 26950.30975, 43648.18631, 28443.51330, 3280.20067
774, 26950.30975, 104418.88683, 28751.03735, 7967.60840
775, 26950.30975, 40833.32653, 28277.49005, 2997.00310
776, 26950.30975, 39832.27828, 27811.37812, 2227.44115
777, 26950.30975, 38830.49762, 27866.13370, 2339.52317
778, 26950.30975, 39756.17828, 28333.50559, 2807.55015
779, 26950.30975, 41311.24748, 28732.06486, 3360.32096
780, 26950.30975, 40654.75075, 28086.20099, 2575.61981
781, 26950.30975, 38830.49762, 28035.91549, 2433.22180
782, 26950.30975, 40654.75075, 28633.79790, 3542.51900
783, 26950.30975, 40972.89288, 28075.33096, 2596.09087
784, 26950.30975, 40347.77368, 27944.00496, 2260.77000
785, 26950.30975, 40966.86300, 28299.01156, 2940.77302
786, 26944.74338, 46364.47923, 28252.56067, 3181.73568
787, 26944.74338, 40654.75075, 28443.18781, 3509.64633
788, 26944.74338, 42199.51257, 28118.33625, 2730.37659
789, 26929.80114, 51305.97494, 28461.79402, 3172.25061
790, 26929.80114, 59835.54903, 28619.24649, 4393.54520
791, 26929.80114, 41874.73551, 28185.26283, 2722.16571
792, 26929.80114, 496266.28259, 32959.73707, 46646.50931
793, 26929.80114, 39250.88677, 27971.30347, 2223.11901
794, 26929.80114, 40649.18438, 27966.22680, 2265.39782
795, 26929.80114, 280642.14189, 30533.35941, 25270.08524
796, 26929.80114, 40986.19314, 28152.15103, 2909.36896
797, 26929.80114, 190486.65415, 29542.35746, 16314.62429
798, 26929.80114, 42234.45359, 28727.11827, 3595.55944
799, 26929.80114, 38373.66581, 28331.60704, 2701.98388
800, 26929.80114, 49545.67285, 28498.82786, 3880.01103
801, 26929.80114, 48178.61685, 28096.19818, 3263.84858
802, 26929.80114, 40634.24213, 28230.82803, 2765.99192
803, 26929.80114, 329210.64931, 31218.97766, 30088.77977
804, 26929.80114, 161371.35514, 29416.75679, 13576.72833
805, 26929.80114, 40634.24213, 27908.94665, 2276.60990
806, 26929.80114, 42011.69611, 28267.56869, 3098.91207
807, 26929.80114, 109278.86205, 29330.38759, 8991.22574
808, 26929.80114, 38809.98901, 28086.42748, 2494.09947
809, 26929.80114, 39595.57979, 28550.84239, 3047.20882
810, 26929.80114, 42707.31446, 28698.89680, 3513.15079
811, 26929.80114, 39894.37227, 28423.49594, 3148.56822
812, 26929.80114, 45493.45634, 28960.12681, 4049.79324
813, 26929.80114, 48641.17408, 28378.23095, 3584.71026
814, 26877.10304, 40112.50682, 28073.13923, 2849.18740
815, 26877.10304, 38907.77170, 28342.09816, 2537.68671
816, 26877.10304, 40957.73485, 28296.18715, 2882.28621
817, 26877.10304, 144902.03313, 30066.48208, 12111.29257
818, 26877.10304, 38809.98901, 27897.41309, 2214.38870
819, 26877.10304, 57731.26806, 28105.58889, 3807.91873
820, 26877.10304, 39595.57979, 27970.76464, 2175.85734
821, 26877.10304, 279285.50706, 30976.06770, 25177.12218
822, 26877.10304, 405229.59760, 32182.01545, 37624.60673
823, 26874.54862, 41438.01993, 27881.69476, 2601.49031
824, 26851.90980, 42454.93283, 28271.82178, 3236.49598
825, 26844.46354, 533521.20225, 33210.69694, 50365.13613
826, 26844.46354, 38757.29091, 27831.26279, 2321.79608
827, 26844.46354, 40581.54403, 28889.97929, 3571.31751
828, 26844.46354, 45989.96913, 27932.11307, 2448.51720
829, 26833.11492, 46201.23796, 28222.62476, 3184.03498
830, 26833.11492, 388425.33926, 31551.03379, 35965.52776
831, 26833.11492, 39901.58441, 27731.24678, 2113.62136
832, 26833.11492, 39432.47797, 27962.18500, 2428.35985
833, 26833.11492, 42959.66670, 28835.53796, 3897.12562
834, 26833.11492, 40412.11319, 28188.08448, 2830.09270
835, 26833.11492, 43866.98426, 28528.12110, 3352.90466
836, 26833.11492, 40275.53753, 28199.72218, 2710.03316
837, 26830.56051, 40982.04742, 28566.76489, 3515.75665
838, 26833.11492, 40548.90454, 28350.90458, 3091.61972
839, 26833.11492, 384570.11146, 34982.95486, 47723.23506
840, 26833.11492, 144595.04327, 28899.17181, 11850.93327
841, 26833.11492, 39586.33501, 28089.35673, 2597.12617
842, 26833.11492, 48392.18429, 28158.77349, 3558.73147
843, 26833.11492, 395233.47426, 31421.23440, 36619.09602
844, 26833.11492, 40537.55592, 28124.33944, 3087.24723
845, 26833.11492, 42019.93961, 27810.43541, 2553.81445
846, 26833.11492, 271166.43075, 30965.49018, 24391.39749
847, 26833.11492, 40342.47771, 28094.87437, 2704.36511
848, 26833.11492, 40537.55592, 28225.02958, 3050.99132
849, 26833.11492, 176254.48317, 29734.45728, 15108.37720
850, 26833.11492, 40537.55592, 28056.98664, 2810.77917
851, 26833.11492, 40537.55592, 28402.16179, 3001.97340
852, 26833.11492, 39586.33501, 28000.47072, 2757.50143
853, 26833.11492, 202533.50573, 29654.31904, 17640.59951
854, 26833.11492, 42748.17876, 28595.57337, 3444.14899
855, 26833.11492, 45530.67406, 28604.90444, 3708.53125
856, 26833.11492, 190255.48340, 30018.04463, 16421.49906
857, 26833.11492, 481050.64826, 37654.54460, 57587.62305
858, 26833.11492, 129530.87005, 28963.53220, 10407.37875
859, 26833.11492, 44314.45739, 28426.15803, 3449.86113
860, 26833.11492, 40537.55592, 28596.27363, 3353.95696
861, 26833.11492, 47937.38010, 28623.86359, 3749.94163
862, 26833.11492, 298477.70298, 30750.64955, 27070.49859
863, 26833.11492, 40537.55592, 28166.85341, 2744.24814
864, 26833.11492, 41639.45033, 28202.11874, 2985.00911
865, 26806.49360, 41040.48179, 28469.76422, 3491.15467
866, 26806.49360, 42007.93286, 28476.72580, 3563.01377
867, 26806.49360, 38353.16672, 28030.16889, 2659.59759
868, 26806.49360, 161424.65304, 29428.48234, 13578.71329
869, 26806.49360, 405799.19552, 32107.98225, 37669.92303
870, 26806.49360, 41944.50092, 28229.11130, 2969.63855
871, 26806.49360, 40510.93460, 28551.21176, 3586.20708
872, 26806.49360, 196552.39836, 30571.89699, 18170.29639
873, 26806.49360, 279700.49826, 30775.83855, 25222.11704
874, 26588.70774, 40510.93460, 28379.77743, 3101.84652
875, 26588.70774, 39794.59422, 28128.68233, 2801.56552
876, 26588.70774, 42751.08727, 28508.60994, 3612.16697
877, 26588.70774, 504351.83414, 32984.43469, 47499.32528
878, 26588.70774, 124268.80529, 29063.74562, 10005.23171
879, 26588.70774, 40510.93460, 28364.09450, 3118.36883
880, 26588.70774, 40510.93460, 27641.10302, 2215.30404
881, 26588.70774, 40510.93460, 27367.04133, 1746.18210
882, 26588.70774, 247142.63649, 29648.06295, 21947.76126
883, 26588.70774, 41660.39237, 27880.44806, 2899.16783
884, 26588.70774, 298925.89734, 31297.24751, 28849.81203
885, 26588.70774, 279115.18395, 31334.35688, 25234.73767
886, 26588.70774, 374288.69183, 32137.41515, 34602.57276
887, 26588.70774, 225367.82549, 30526.83851, 20064.26405
888, 26588.70774, 503304.68530, 32927.82817, 47417.56711
889, 26588.70774, 86910.07044, 28463.18722, 6581.42110
890, 26588.70774, 39372.92783, 27746.08787, 2796.34253
891, 26588.70774, 40293.14874, 27920.22093, 2720.19598
892, 26588.70774, 40293.14874, 28065.43237, 3138.08165
893, 26588.70774, 73514.90930, 28351.10634, 5367.53106
894, 26588.70774, 34781.46776, 27356.07054, 1644.68950
895, 26588.70774, 43342.95124, 28243.73519, 3406.12504
896, 26588.70774, 298245.03106, 31196.83249, 28426.06363
897, 26588.70774, 503304.68530, 32617.76168, 47381.81605
898, 26588.70774, 41275.18822, 28330.70827, 3315.37436
899, 26588.70774, 40293.14874, 27767.60793, 2615.23769
900, 26588.70774, 40293.14874, 27852.04037, 2754.41777
901, 26588.70774, 42749.39985, 28165.59613, 3423.19353
902, 26588.70774, 75761.55191, 28304.28768, 5623.04663
903, 26588.70774, 39820.74209, 28145.45471, 2906.68786
904, 26588.70774, 57241.36855, 28079.39967, 3792.73299
905, 26588.70774, 36262.01971, 27207.66074, 1563.05842
906, 26588.70774, 40806.72134, 27904.77649, 2908.82626
907, 26588.70774, 43153.66923, 27675.82015, 2823.10589
908, 26588.70774, 44396.00152, 27901.44110, 3091.68310
909, 26588.70774, 46882.80326, 27948.04840, 3140.00088
910, 26588.70774, 40293.14874, 28059.67250, 3156.18532
911, 26588.70774, 160066.26850, 29269.45211, 13474.62899
912, 26588.70774, 45188.25019, 28058.97742, 3242.66595
913, 26588.70774, 40293.14874, 27418.30919, 2095.97461
914, 26587.11496, 39450.93509, 27653.35741, 2497.27556
915, 26587.11496, 42479.88734, 27718.11141, 3052.87192
916, 26587.11496, 40293.14874, 28116.07648, 3222.35107
917, 26587.11496, 50967.61342, 27579.47166, 2853.86106
918, 26587.11496, 45703.34068, 28183.14624, 3737.14167
919, 26587.11496, 120598.93226, 29148.15779, 9753.10382
920, 26587.11496, 39349.79319, 27610.60266, 2447.56775
921, 26587.11496, 40437.51931, 27693.65483, 2805.14641
922, 26587.11496, 106007.03241, 28516.21406, 8273.60903
923, 26587.11496, 504025.88855, 33687.46436, 49578.99124
924, 26568.32905, 472757.28411, 32721.53207, 44381.16342
925, 26563.06883, 37330.70177, 27595.37140, 2282.76607
926, 26528.58490, 42202.00003, 27946.58848, 3229.29539
927, 26563.06883, 40021.99361, 28046.73926, 3028.12213
928, 26563.06883, 38448.51692, 27487.56353, 2119.68498
929, 26563.06883, 351302.49403, 31263.71064, 32324.59397
930, 26544.28292, 40272.77005, 27751.32020, 2471.83856
931, 26544.28292, 39519.86197, 27754.11777, 2750.12672
932, 26544.28292, 43487.29166, 27952.99374, 3417.44788
933, 26544.28292, 39519.86197, 27416.45210, 2197.77494
934, 26544.28292, 40765.63409, 28250.53611, 3451.23552
935, 26538.89203, 40267.50983, 28690.78574, 3935.24196
936, 26544.28292, 41124.46078, 27849.32004, 3078.93857
937, 26544.28292, 40262.11893, 28335.40080, 3577.07901
938, 26544.28292, 40262.11893, 27824.13207, 2828.11746
939, 26544.28292, 48727.96207, 28201.79886, 3598.14323
940, 26544.28292, 370361.18220, 31494.51015, 34215.53667
941, 26516.46819, 41786.27410, 27914.48784, 2966.80236
942, 26516.46819, 46263.20194, 28074.95715, 3328.71698
943, 26516.46819, 40248.72392, 27478.57463, 2537.70852
944, 26502.23327, 37287.86974, 27509.68497, 2041.74370
945, 26502.23327, 40798.92488, 27948.98510, 3369.20731
946, 26502.23327, 42259.15737, 28028.93025, 3350.67902
947, 26502.23327, 46597.46909, 28108.21387, 3187.68682
948, 26502.23327, 36280.11507, 27494.66679, 2064.98375
949, 26502.23327, 39727.58934, 28386.24170, 3525.10353
950, 26502.23327, 39473.26134, 27309.70680, 1957.88826
951, 26502.23327, 40212.85186, 27770.82142, 2729.25582
952, 26502.23327, 382756.45689, 31830.28761, 35444.94959
953, 26502.23327, 41665.00202, 27831.40521, 2952.60351
954, 26502.23327, 39461.81612, 27664.95315, 2570.18452
955, 26502.23327, 99435.02538, 28318.61666, 7434.91706
956, 26502.23327, 42451.15024, 27885.55817, 3167.29072
957, 26502.23327, 39461.81612, 27800.72263, 2749.07082
958, 26437.32548, 40564.09193, 27718.24519, 2787.12755
959, 26437.32548, 46544.84612, 27923.49377, 3476.49907
960, 26437.32548, 71223.83493, 28283.48330, 5194.61409
961, 26437.32548, 43323.04092, 27934.97864, 3161.90285
962, 26437.32548, 40319.66969, 27980.72640, 3150.24424
963, 26437.32548, 64636.07835, 28268.99229, 4730.18288
964, 26437.32548, 40212.85186, 27297.51543, 2210.28874
965, 26437.32548, 40147.94407, 27747.04631, 3003.05783
966, 26437.32548, 38312.81541, 27578.10682, 2303.11050
967, 26437.32548, 46173.95616, 28335.19225, 3739.98032
968, 26437.32548, 40330.25805, 27357.81115, 2238.95865
969, 26437.32548, 343611.65043, 31410.80239, 32506.09680
970, 26437.32548, 40147.94407, 27846.73335, 3105.62629
971, 26437.32548, 40147.94407, 27669.67673, 2682.54933
972, 26437.32548, 39843.23867, 27953.96260, 3000.62733
973, 26437.32548, 180070.66156, 29752.61004, 15999.27170
974, 26416.72823, 40510.74871, 27935.37152, 3025.43350
975, 26416.72823, 41559.06366, 27800.61747, 2849.55328
976, 26416.72823, 40147.94407, 27729.90306, 2917.20268
977, 26416.72823, 225963.87408, 29278.37547, 19904.01692
978, 26416.72823, 42166.41044, 27361.64459, 2461.52063
979, 26416.72823, 39396.90833, 27357.49200, 2235.07489
980, 26416.72823, 41129.98356, 27882.20411, 3351.75831
981, 26416.72823, 40147.94407, 27847.11453, 2780.84131
982, 26416.72823, 149919.36753, 28738.58669, 12466.89957
983, 26416.72823, 39396.90833, 27759.17483, 2732.21855
984, 26416.72823, 40147.94407, 27648.85849, 2316.50513
985, 26416.72823, 287440.93990, 30321.87049, 25968.87605
986, 26416.72823, 39396.90833, 28148.43900, 3405.69582
987, 26416.72823, 38508.58365, 27837.15290, 2855.33692
988, 26416.72823, 446443.69712, 36102.28641, 54092.58803
989, 26416.72823, 41792.44540, 28075.46363, 3032.77245
990, 26416.72823, 182456.48011, 29054.16472, 15557.78207
991, 26416.72823, 38097.19441, 27044.77218, 1564.90433
992, 26416.72823, 38493.98976, 27668.51756, 2581.06263
993, 26416.72823, 40127.34682, 27923.76355, 3040.10626
994, 26416.72823, 46295.16542, 28012.48682, 3285.12793
995, 26255.61322, 40262.00905, 27768.43464, 3068.35866
996, 26255.61322, 42416.38392, 27868.42664, 3234.47594
997, 26255.61322, 40127.34682, 27191.69841, 1880.10929
998, 26239.75592, 57138.17001, 28236.03683, 4833.90050
999, 26255.61322, 515839.11225, 32381.82661, 48675.88827
