instance=C102, CXPB1=0.5, MUTPB1=0.2, MUTPB2=0.2 
Algorithm took 15.88s

min, max, mean, std
0, 69679.36089, 731923.44311, 103766.91560, 93726.43528
1, 69244.00298, 670033.95932, 100950.86808, 97260.69465
2, 68426.92455, 701319.78506, 126347.68161, 141964.47264
3, 66761.73652, 688654.91885, 110623.52942, 127479.00240
4, 66692.67567, 681378.54060, 111737.40920, 126007.19200
5, 64205.07670, 609812.06130, 114909.20715, 110837.85078
6, 64205.07670, 646516.14652, 144573.04552, 152959.21296
7, 63525.83961, 662485.14039, 110271.63947, 122315.66821
8, 64588.94073, 620947.11801, 103483.13657, 106483.80278
9, 61897.82274, 607632.42497, 101854.21878, 91017.36832
10, 61591.48879, 644124.46120, 97830.19838, 97936.87050
11, 62035.65391, 352680.57847, 77790.78755, 51188.85624
12, 60919.39891, 307568.06433, 68763.04660, 24152.85202
13, 60919.39891, 516626.24149, 69890.47873, 44961.68155
14, 60919.39891, 70190.18828, 64150.06058, 1629.39490
15, 60224.81927, 396059.85273, 67216.37826, 33280.28976
16, 60878.20850, 75729.16557, 62922.37116, 1756.02166
17, 59134.08903, 547921.98374, 67087.78830, 48341.72654
18, 57013.72137, 250342.83463, 63400.90587, 18846.58346
19, 57013.72137, 139445.04752, 61678.71711, 8119.49473
20, 56145.42265, 567344.93499, 65336.86743, 50479.78493
21, 55850.12716, 312467.30341, 62164.28276, 25242.72450
22, 55003.22834, 65224.51647, 58497.43277, 1711.08923
23, 54630.06843, 65137.26050, 57779.77554, 1664.21437
24, 53281.06352, 65120.77840, 57048.37780, 1676.83042
25, 53281.06352, 67038.34525, 56586.95146, 1694.02033
26, 53281.06352, 61757.97454, 56311.11862, 1565.10623
27, 52855.91825, 60083.97558, 55897.83253, 1386.65938
28, 52769.24768, 60621.82904, 55420.29837, 1605.08596
29, 52036.94693, 59649.90000, 54697.19212, 1428.77316
30, 51520.85706, 61552.43159, 54225.33007, 1437.89210
31, 51520.85706, 60794.69737, 53765.53071, 1609.85104
32, 50468.42161, 59387.70302, 53666.37185, 1932.15549
33, 50212.42621, 552445.29531, 60777.32100, 56966.27889
34, 50212.42621, 58695.00773, 52696.58257, 1737.67107
35, 49967.51292, 58269.69061, 52164.82962, 1809.81731
36, 49465.79037, 55988.05109, 51589.31016, 1400.64584
37, 49465.79037, 468849.90785, 59538.36100, 58163.08254
38, 49180.12812, 470169.67542, 55235.42609, 41732.88508
39, 48533.79140, 57114.89082, 50723.84841, 1311.07620
40, 48927.75374, 460688.24956, 54623.98355, 40834.19761
41, 47888.98651, 54816.32322, 50612.48842, 1423.20440
42, 47888.98651, 55578.58039, 50290.29035, 1288.29475
43, 47756.56714, 420152.00057, 54317.31546, 36854.24369
44, 47756.56714, 56474.17207, 49911.82733, 1272.18279
45, 45541.06127, 59089.82562, 49594.70753, 1762.93056
46, 46300.86660, 56733.91528, 49377.38235, 1693.84173
47, 46518.16976, 108562.76753, 49256.60759, 6077.82286
48, 45829.79375, 54771.80547, 48267.61750, 1235.33221
49, 45789.47439, 156034.25834, 48861.15825, 10852.72089
50, 45093.99592, 54789.72325, 47684.68989, 1774.10751
51, 44389.65471, 478726.30915, 51264.25811, 42970.89444
52, 44389.65471, 55453.55775, 46751.74286, 1326.33449
53, 44108.84534, 52588.45852, 46421.49423, 1292.67782
54, 43617.31009, 111942.47099, 46644.00799, 6684.25521
55, 43493.25071, 50493.58983, 45704.71818, 1367.12088
56, 43400.60951, 115720.43761, 45915.78624, 7123.35911
57, 42735.22479, 51629.18830, 44678.39631, 1432.11866
58, 42711.62129, 534745.25600, 49133.53271, 48819.17842
59, 42530.02658, 48951.44635, 43841.39071, 1171.26600
60, 42342.00950, 50507.81987, 43681.22895, 1281.89745
61, 42074.36023, 50114.65598, 43596.96163, 1188.76565
62, 41996.40789, 52751.12452, 43699.62068, 1667.90878
63, 41568.73740, 49248.49111, 43506.14342, 1461.76580
64, 41173.69396, 60822.70058, 43320.56833, 2147.88741
65, 40698.43136, 49615.73809, 42949.49921, 1405.92907
66, 40438.99197, 50284.01180, 42558.65493, 1522.55581
67, 39947.88780, 50572.32396, 42371.96903, 1645.84649
68, 39937.22271, 47571.95583, 41834.37536, 1214.16094
69, 39889.89140, 48196.85054, 41831.62760, 1678.08892
70, 39653.74447, 47920.11798, 41349.61823, 960.14974
71, 39653.74447, 45508.25391, 41397.66187, 1147.74533
72, 39653.74447, 47412.10325, 41155.52369, 954.90315
73, 39377.65316, 45832.79959, 41073.78682, 1046.90962
74, 39356.71407, 48726.70216, 41012.27464, 1461.81722
75, 39038.31214, 50105.89681, 40729.54148, 1653.71847
76, 38686.53549, 49493.52875, 40840.98743, 1778.84134
77, 38483.82251, 429182.06532, 44193.57923, 38711.22066
78, 38475.97183, 428803.16699, 44110.97889, 38685.77106
79, 38439.58855, 47988.78329, 39923.87532, 1481.75670
80, 37052.81029, 47521.29433, 39620.58029, 1340.05570
81, 37632.49742, 43586.07582, 39297.35679, 1042.27445
82, 37357.43364, 45252.54872, 39028.19287, 1111.39802
83, 36584.63278, 44881.30664, 38559.93514, 996.50174
84, 36521.31663, 40292.92395, 38214.70408, 918.85223
85, 36046.59083, 101794.45845, 38750.61746, 6562.65468
86, 36046.59083, 43616.27265, 37451.95702, 1134.48530
87, 35488.64726, 41157.39750, 37126.95815, 925.93252
88, 35345.48813, 121923.80141, 38060.35877, 8543.42828
89, 35216.57988, 442743.47582, 41061.39266, 40389.39273
90, 35153.26374, 542140.87764, 41716.86799, 50315.84155
91, 35030.11453, 50401.52446, 36367.10369, 1768.05778
92, 35030.11453, 43117.09968, 36095.00055, 1390.77884
93, 34938.40644, 42930.95678, 36075.79744, 1635.87988
94, 34971.44702, 39347.14221, 35813.07161, 955.87424
95, 34971.44702, 43831.73196, 36045.28377, 1528.50997
96, 34593.96486, 43086.85480, 35780.99318, 1509.59380
97, 34593.96486, 151546.33543, 37018.82359, 11624.86189
98, 34563.38746, 43846.63106, 35700.20482, 1321.87146
99, 34584.58162, 41134.08638, 35709.19918, 1178.11800
100, 34535.29735, 40979.19659, 35453.39128, 1000.48534
101, 34444.12962, 42681.39574, 35692.13507, 1481.84370
102, 34444.12962, 42924.81766, 35444.30472, 1184.81864
103, 34087.72052, 43963.68117, 35410.50761, 1411.97399
104, 34087.72052, 414828.57532, 40701.62089, 39329.18009
105, 33893.77337, 42480.24488, 35317.42375, 1564.71231
106, 33651.57085, 199483.70759, 39553.13431, 24358.74514
107, 33463.95963, 116416.30573, 35812.73049, 8231.78774
108, 33445.11718, 123787.86247, 40631.87131, 21169.39116
109, 33442.76547, 118192.23905, 41950.74277, 23388.89461
110, 33251.17002, 116978.36967, 39106.59492, 19445.60818
111, 33251.17002, 41331.39719, 34006.37935, 1054.44619
112, 33251.17002, 41656.81177, 34089.92527, 1144.53266
113, 32876.33448, 48906.86873, 34132.57780, 2020.47126
114, 32876.33448, 41417.01589, 34030.92635, 1260.55827
115, 32722.04633, 446892.06141, 46304.10347, 70263.10204
116, 32691.57940, 460257.51875, 38124.74430, 42446.06949
117, 32682.38733, 447123.86573, 38519.61090, 41733.40677
118, 32682.38733, 42380.91289, 33466.55843, 1205.44427
119, 32682.38733, 40627.95730, 33626.18569, 1272.80090
120, 32652.20763, 38190.01211, 33347.81820, 1013.16703
121, 32509.60550, 43053.91826, 33503.09544, 1606.66547
122, 32431.39847, 40762.61450, 33412.38149, 1561.43846
123, 31988.84669, 355405.87849, 37800.75153, 35064.30401
124, 32438.89870, 42100.23991, 33241.34363, 1585.17438
125, 32424.37440, 37505.99780, 33186.46929, 1025.53396
126, 32180.88577, 40941.60489, 33262.82320, 1717.49483
127, 32180.88577, 40524.37919, 33245.99829, 1571.11358
128, 32165.61496, 40710.28321, 33066.84428, 1214.92230
129, 32165.61496, 39039.50913, 33095.74531, 1305.00957
130, 32165.61496, 37894.97009, 32790.76442, 896.13363
131, 32150.70608, 416031.04214, 36789.09244, 38136.33642
132, 32076.41448, 41128.64173, 33001.53861, 1725.63138
133, 32040.70608, 40156.36627, 32941.86320, 1458.82838
134, 31936.23478, 40512.88172, 33094.64355, 1690.61799
135, 31936.23478, 41045.56180, 32854.96895, 1449.71343
136, 31936.23478, 427694.92630, 37213.76795, 39378.07263
137, 31772.57883, 440040.53279, 44814.68998, 68068.72049
138, 31936.23478, 40350.29034, 32636.90197, 1236.33848
139, 31845.35120, 436228.80860, 40576.92121, 55799.02037
140, 31505.15413, 431891.49887, 40627.42699, 55690.53296
141, 31615.15413, 431269.80386, 48936.66969, 77654.70403
142, 31615.15413, 434658.83291, 76198.33702, 123922.21916
143, 31452.90345, 432288.81644, 68179.00398, 113005.33542
144, 31428.65128, 436118.80860, 76037.11707, 123902.44807
145, 31384.26961, 434817.98169, 52344.14265, 86616.94123
146, 31275.61065, 429961.72707, 36194.96588, 39594.19061
147, 30992.21889, 36736.50921, 32001.68107, 916.74920
148, 30992.21889, 414501.86634, 35950.96284, 38069.55960
149, 30992.21889, 268473.51436, 34402.67634, 23561.43746
150, 30892.38853, 40359.86275, 31983.93088, 1589.42954
151, 30707.31473, 37402.86769, 31646.74415, 984.84854
152, 30707.31473, 173912.43864, 33115.66801, 14192.11883
153, 30751.42159, 39084.20581, 31608.78822, 1248.46484
154, 30642.76263, 35553.98351, 31337.87086, 680.40008
155, 30521.86963, 517835.39169, 36178.91175, 48415.65282
156, 30521.86963, 42733.00938, 31562.13323, 1685.83332
157, 30282.41337, 37141.89104, 31267.38139, 1097.07590
158, 30238.30651, 150256.46359, 32512.80055, 11908.83424
159, 30136.68413, 59042.77934, 31372.40358, 2963.36544
160, 30092.57727, 64784.14137, 31523.07892, 3715.57471
161, 29719.74249, 516494.48333, 35924.18751, 48320.01588
162, 29719.74249, 218079.41836, 32821.60833, 18658.35399
163, 29719.74249, 37755.08082, 30847.77444, 1358.32006
164, 29719.74249, 542465.85444, 35620.08235, 50945.31201
165, 29719.74249, 42195.23080, 30761.04493, 1860.08405
166, 29719.74249, 42060.92838, 30653.15217, 1415.97491
167, 29719.74249, 33380.45045, 30431.25814, 673.56005
168, 29660.14613, 54259.72371, 30764.54815, 2584.93000
169, 29671.29677, 38112.00857, 30707.19420, 1328.63583
170, 29671.29677, 52253.62801, 30683.77603, 2356.78287
171, 29671.29677, 42498.11206, 30465.97630, 1641.68816
172, 29291.96110, 41729.84344, 30220.41165, 1325.97209
173, 29623.88555, 197814.79159, 31829.21825, 16712.62572
174, 29623.88555, 101632.46659, 31668.12904, 8947.56025
175, 29623.88479, 44565.70599, 30591.29099, 2231.99197
176, 29020.65179, 41757.26701, 30314.50546, 1816.98442
177, 29298.94095, 46770.92453, 30431.01945, 2202.58269
178, 29298.94095, 57739.15744, 30560.49380, 3010.58142
179, 29298.94095, 33824.35329, 30159.94634, 839.55465
180, 29298.94095, 231420.31447, 32629.94565, 20159.82380
181, 29298.94095, 57737.19411, 30866.52185, 3403.88977
182, 29265.89529, 41710.61158, 30365.47027, 1552.18824
183, 29253.88984, 102034.06199, 30952.75891, 7277.82349
184, 28199.27617, 41734.25829, 30416.90823, 2315.80337
185, 28199.27617, 42088.76471, 30247.76485, 2281.64941
186, 28199.27617, 63723.43621, 30484.50852, 4054.90969
187, 28199.27617, 33378.38310, 29518.03922, 1026.59357
188, 28195.13873, 568367.28528, 34855.96627, 53660.84749
189, 27959.77823, 40332.65763, 29215.57970, 1651.37571
190, 27959.77823, 94279.58050, 29688.49323, 6631.72833
191, 27959.77823, 101260.15316, 29653.29472, 7303.84348
192, 28010.73808, 48174.56832, 29042.23773, 2302.75293
193, 28010.73808, 427717.66608, 34188.69333, 40699.92712
194, 28049.79482, 44848.53907, 29349.93557, 2802.76279
195, 28051.98742, 40224.77502, 29061.07738, 2171.35126
196, 28051.98742, 36278.35825, 28925.35617, 1751.81202
197, 28008.52813, 363956.53324, 32416.06025, 33405.06529
198, 27953.02487, 121467.68181, 29641.37699, 9377.56526
199, 27981.78137, 457008.12466, 33227.04142, 42639.81966
200, 27942.37523, 49859.53143, 28832.67703, 2378.21127
201, 27900.66906, 410173.74431, 32608.82272, 38010.80463
202, 27725.05576, 40211.42562, 28816.32484, 1722.77761
203, 27725.05576, 531353.98974, 33725.43278, 50031.92097
204, 27668.24709, 40211.42562, 28986.64796, 2250.70638
205, 27725.05576, 509598.43429, 34513.64998, 48112.20835
206, 27642.19034, 74637.97375, 29255.08544, 4917.41409
207, 27642.19034, 341822.24906, 32200.11617, 31218.97038
208, 27642.19034, 39293.80979, 28710.33538, 1792.72225
209, 27632.59535, 341866.15107, 31902.28869, 31215.42017
210, 27623.45865, 39858.43722, 28633.51738, 1707.10464
211, 27385.09114, 38314.84882, 28318.25397, 1539.06961
212, 27260.66218, 41225.66980, 28332.29021, 1977.40952
213, 27260.66218, 43196.22391, 28624.25741, 2504.59861
214, 26923.89850, 39775.57180, 28527.00505, 2261.29133
215, 26923.89850, 230827.09123, 30257.14452, 20251.23537
216, 26923.89850, 35568.03859, 28058.43264, 1456.48531
217, 26923.89850, 39591.27265, 28378.18611, 2080.99281
218, 26923.89850, 504257.64023, 32743.51771, 47414.20078
219, 26884.25071, 35389.34134, 27913.26141, 1324.32304
220, 26884.25071, 29771.70701, 27547.92673, 687.57213
221, 26497.19815, 39057.27996, 27914.80206, 1958.13128
222, 26497.19815, 36951.00968, 27745.93876, 1765.08256
223, 26331.91060, 39057.27996, 27688.44208, 1771.44827
224, 26331.91060, 149830.75725, 28483.11306, 12256.75815
225, 26331.91060, 34842.81324, 27486.88609, 1625.90569
226, 26308.94996, 35481.86108, 27446.67996, 1472.17082
227, 26331.91060, 42221.87389, 27303.35655, 2066.26910
228, 26331.91060, 42712.38622, 27578.10386, 2514.29533
229, 26331.91060, 497852.24570, 31942.81529, 46866.82105
230, 26331.91060, 478818.96252, 34348.35779, 52012.19712
231, 26177.19877, 32016.26627, 27048.77523, 1256.93395
232, 26198.01147, 489137.50256, 32967.90284, 47669.57585
233, 26329.54102, 34979.88277, 26803.10066, 1204.45594
234, 26312.75023, 38462.92249, 27286.20571, 1848.23925
235, 26312.75023, 38465.29206, 27203.36572, 1763.49354
236, 26312.75023, 36232.37413, 27000.90863, 1622.10427
237, 26294.83698, 40540.01138, 26985.83850, 1762.21324
238, 26294.83698, 42924.62725, 27070.08975, 2040.85755
239, 25945.17103, 32072.92189, 27007.94879, 1257.46445
240, 25945.17103, 34785.25989, 27052.23026, 1706.97392
241, 25945.17103, 38829.25272, 27146.64715, 2175.86536
242, 25979.87507, 370365.53137, 31379.43526, 35312.81132
243, 25945.17103, 99168.91773, 27712.81272, 7426.09515
244, 25945.17103, 539127.93648, 31916.15710, 50990.47488
245, 25945.17103, 38356.84165, 26997.73841, 2187.30210
246, 25945.17103, 38356.84165, 26794.04858, 2092.27408
247, 25945.17103, 62246.48776, 27242.59665, 4137.72492
248, 25928.28087, 28774.29498, 26462.48251, 751.63431
249, 25928.28087, 424375.19753, 30818.11737, 39598.18564
250, 25928.28087, 34414.22500, 26540.23911, 1350.26804
251, 25876.39616, 37700.24582, 26647.80430, 1704.77754
252, 25865.14258, 34417.49097, 26642.80282, 1572.54928
253, 25808.64266, 424334.10605, 30849.73075, 39729.11450
254, 25859.50600, 38078.55249, 26449.83850, 1489.84704
255, 25859.50600, 37946.27918, 26577.99099, 1651.05661
256, 25848.40354, 120215.42940, 27843.00975, 9638.92206
257, 25848.40354, 37946.27918, 26569.83727, 1709.72461
258, 25798.95376, 39407.39769, 26605.58077, 2016.16140
259, 25741.62671, 78943.41315, 26869.28227, 5434.51277
260, 25741.62671, 39191.43550, 26574.58761, 1994.85418
261, 25728.04555, 37968.13265, 26901.00390, 1919.12890
262, 25683.64384, 37929.38902, 26422.15422, 1461.19238
263, 25683.64384, 32399.03552, 26563.24530, 1275.44073
264, 25683.64384, 31144.34949, 26325.55367, 1042.04878
265, 25700.53399, 33291.65235, 26376.66140, 1231.96666
266, 25655.65122, 38214.39153, 26633.29905, 2061.75802
267, 25655.65122, 30174.74612, 26261.02976, 974.35355
268, 25655.65122, 437476.58095, 30814.03584, 40919.04036
269, 25655.65122, 34107.03910, 26380.77412, 1362.01058
270, 25586.84822, 157112.29126, 27852.77993, 13180.19367
271, 25586.84822, 119749.13255, 27094.38602, 9339.17191
272, 25586.84822, 363763.02944, 29704.29842, 33603.29628
273, 25586.84822, 34463.41205, 26423.19596, 1675.88206
274, 25473.44265, 38161.32529, 26424.49184, 1764.23692
275, 25473.44265, 38161.32529, 26485.77255, 1966.61195
276, 25363.48633, 38161.32529, 26230.64031, 1608.02633
277, 25404.63965, 43912.17155, 27010.70509, 3227.03100
278, 25404.63965, 42825.79671, 27214.26254, 3796.81706
279, 25250.08076, 35016.91092, 26238.31299, 1650.52915
280, 25181.27776, 34525.18659, 26123.63682, 1597.52517
281, 25181.27776, 32908.87571, 26110.41131, 1401.62868
282, 25181.27776, 40666.39731, 26370.18802, 2250.46673
283, 25181.27776, 40907.21056, 26337.30355, 2435.47226
284, 25181.27776, 37869.16040, 26058.22421, 1918.72121
285, 25181.27776, 37686.95183, 25756.47772, 1463.02304
286, 25181.27776, 32614.38956, 25799.81879, 1190.75306
287, 25181.27776, 31051.55537, 25605.20933, 939.32927
288, 25181.27776, 32231.18407, 25796.78480, 1245.83015
289, 25107.69394, 37686.95183, 25702.26451, 1405.71003
290, 24930.18150, 37686.95183, 25743.57092, 1686.45893
291, 24968.07057, 34715.18727, 25770.32438, 1372.13379
292, 24968.07057, 37686.95183, 26015.77267, 1681.59107
293, 24850.60969, 537215.27142, 35841.31781, 71360.08575
294, 24850.60969, 536096.02939, 48947.33241, 102442.13093
295, 24837.88247, 536751.75478, 46150.39274, 99681.13351
296, 24827.16758, 537803.35960, 40911.66037, 87073.81373
297, 24687.54791, 539535.03983, 34809.14845, 63419.94763
298, 24687.54791, 541911.97221, 41107.84770, 87350.45896
299, 24674.88789, 560935.24768, 30999.73400, 53284.99238
300, 24582.51486, 37193.22198, 25434.41293, 1571.33805
301, 24582.51486, 99963.25225, 26324.02656, 7568.78752
302, 24565.28631, 84101.01747, 26072.83138, 6136.08789
303, 24582.51486, 38684.43505, 25498.38623, 2372.35088
304, 24582.51486, 123350.57731, 26387.60641, 9915.49403
305, 24564.50347, 37711.62317, 25311.49567, 1645.06623
306, 24564.50347, 37070.17754, 25258.22862, 1649.68486
307, 24564.50347, 37088.18893, 25369.03300, 1770.18939
308, 24564.50347, 338832.98434, 29074.97582, 31480.41671
309, 24564.50347, 196857.71863, 27111.80849, 17126.46297
310, 24562.14449, 42547.63737, 25351.22528, 2496.87097
311, 24491.71030, 33558.98387, 25460.38091, 1834.14432
312, 24491.71030, 36993.57960, 25281.08483, 1764.42359
313, 24463.96743, 37042.43467, 25137.60683, 1409.40192
314, 24463.96743, 59270.58801, 25473.06277, 3586.34623
315, 24489.35132, 37484.15590, 25340.93189, 1713.64379
316, 24489.35132, 38394.06638, 25384.50321, 1788.33892
317, 24429.68240, 31785.67863, 25213.36219, 1224.30785
318, 24429.68240, 555266.96026, 30349.85730, 52768.63397
319, 24412.71831, 38641.12838, 25209.09670, 1979.88063
320, 24412.71831, 36993.57960, 25366.99970, 2032.06229
321, 24412.71831, 36993.57960, 25188.10612, 1986.43026
322, 24410.35933, 501117.18442, 30188.51606, 47413.93485
323, 24344.25132, 234194.65544, 27021.15824, 20846.60811
324, 24344.25132, 52125.63312, 25466.44632, 3192.11495
325, 24325.65185, 48313.68105, 25463.01051, 2845.26446
326, 24325.65185, 78943.24346, 25710.05729, 5584.55015
327, 24246.65987, 36954.95844, 25116.90436, 1924.37956
328, 24244.30089, 36918.39238, 25051.03033, 1897.45638
329, 24244.30089, 36912.75563, 24998.69496, 1661.57410
330, 24244.30089, 38945.99859, 25190.28807, 2249.64820
331, 24244.30089, 30078.20105, 24964.27293, 1110.02152
332, 23928.00659, 36910.18052, 25102.07491, 1906.72326
333, 23859.53960, 48696.45882, 25538.41951, 3159.26715
334, 23926.17461, 565086.57418, 31787.42095, 55558.74802
335, 23859.53960, 30393.53761, 24953.27956, 1212.25615
336, 23857.70762, 449594.60869, 29177.51055, 42290.45825
337, 23756.39874, 36348.22252, 24766.26813, 1647.72366
338, 23756.39874, 37702.02272, 24914.10205, 2003.31187
339, 23756.39874, 36344.74116, 24720.17987, 1818.73307
340, 23706.55839, 521550.44666, 29590.14302, 49468.73451
341, 23631.18394, 36982.06219, 24775.62548, 2409.63298
342, 23631.18394, 36580.43815, 24573.25125, 1987.68413
343, 23513.35682, 36342.90919, 24704.68907, 2170.15506
344, 23513.35682, 36193.69167, 24595.36653, 2011.12872
345, 23513.35682, 36268.63175, 24494.95381, 1973.57621
346, 23513.35682, 58975.53178, 24720.51060, 3749.78230
347, 23258.72755, 28656.38004, 24285.37842, 1022.50899
348, 23258.72755, 30648.96753, 24319.47319, 1328.63813
349, 23258.72755, 32458.18421, 24307.66765, 1537.75515
350, 23258.72755, 483588.70546, 29579.28309, 46298.47300
351, 23258.72755, 36010.38022, 24347.74738, 1975.93427
352, 23258.72755, 35924.38068, 24357.59070, 1979.72512
353, 23258.72755, 36490.98144, 24317.44092, 2343.05955
354, 23174.59286, 552162.14209, 31342.80844, 55031.83246
355, 23174.59286, 27306.81052, 23809.85090, 889.21226
356, 23174.59286, 35750.48254, 24000.69523, 2013.75673
357, 23174.59286, 37573.78224, 23754.22841, 1535.65777
358, 23174.59286, 37718.02336, 23784.03181, 1722.85892
359, 23174.59286, 35688.62776, 24081.15061, 1976.65762
360, 23174.59286, 498598.54255, 28879.32709, 47394.49067
361, 23174.59286, 101192.51494, 24864.59158, 7945.50713
362, 23174.59286, 35949.46983, 23999.37602, 1996.93374
363, 23174.59286, 37342.16962, 24343.28283, 2851.05802
364, 23174.59286, 31363.55338, 23852.50321, 1373.65607
365, 23064.91837, 32912.05041, 23713.82117, 1323.63461
366, 23064.91837, 459327.57242, 28188.62819, 43363.21619
367, 23064.91837, 30915.80586, 23696.94601, 1191.42863
368, 23119.91179, 35688.62776, 23882.11961, 1681.60839
369, 23119.91179, 133151.79501, 24776.77042, 10934.45134
370, 23119.91179, 31242.16187, 23707.73415, 1220.83230
371, 23119.91179, 35874.09365, 24233.25380, 2344.43433
372, 23119.91179, 139236.17059, 25184.80860, 11631.70313
373, 23119.91179, 283071.67726, 26439.68270, 25847.82604
374, 23117.78712, 281656.99036, 26306.26245, 25690.54828
375, 23117.78712, 31765.85729, 23954.79498, 1533.00081
376, 23117.78712, 32384.33677, 23818.23484, 1252.26038
377, 23035.69334, 148476.72695, 25242.85906, 12463.36750
378, 23035.69334, 36831.32598, 24360.59573, 2773.53254
379, 23035.69334, 29942.48702, 23802.43478, 1182.25499
380, 23035.69334, 35638.09788, 23852.08270, 1550.45556
381, 23035.69334, 29169.91257, 23661.76618, 1110.48158
382, 22978.50513, 458848.29368, 28203.82597, 43325.69524
383, 22978.50513, 35638.09788, 23646.35827, 1423.30787
384, 22978.50513, 35556.00410, 23841.92187, 1826.13551
385, 22976.38046, 35711.72601, 23947.15575, 2237.45695
386, 22976.38046, 35638.09788, 23707.26946, 1616.32367
387, 22976.38046, 30134.62261, 23599.70573, 1087.69783
388, 22976.38046, 28098.20239, 23625.67210, 1016.73304
389, 22976.38046, 35496.69121, 23644.85554, 1846.59950
390, 22976.38046, 31186.89430, 23788.80594, 1385.66022
391, 22976.38046, 29007.74076, 23634.40961, 1145.15799
392, 22935.81302, 35498.81589, 23733.88275, 1758.12567
393, 22935.81302, 31105.48754, 23593.34475, 1127.86234
394, 22935.81302, 30043.14168, 23776.26196, 1488.33693
395, 22935.81302, 428020.24810, 27718.53236, 40257.82098
396, 22935.81302, 35496.69121, 23797.94219, 1767.71225
397, 22935.81302, 36411.82040, 23688.78156, 1756.92116
398, 22935.81302, 37949.76752, 23894.23020, 2213.87030
399, 22915.46611, 36157.85841, 23755.64256, 2278.33930
400, 22915.46611, 29946.04096, 23385.82814, 999.91242
401, 22907.03706, 35456.12378, 23875.81445, 2008.48583
402, 22888.09178, 163604.03648, 24949.03235, 14023.76340
403, 22907.03706, 35456.12378, 23555.81647, 1587.20898
404, 22907.03706, 331022.84773, 28560.24139, 36230.26675
405, 22907.03706, 29991.62913, 23490.89926, 1180.29718
406, 22907.03706, 66721.55267, 24108.74721, 4703.62467
407, 22880.32101, 28092.49650, 23455.73617, 934.46344
408, 22880.32101, 39826.84485, 23690.70813, 2178.23241
409, 22880.32101, 31822.68149, 23542.35262, 1438.83667
410, 22880.32101, 35427.34782, 23562.87697, 1638.07878
411, 22880.32101, 35427.34782, 23442.52196, 1468.86424
412, 22844.47925, 27472.27367, 23502.78723, 970.98378
413, 22880.32101, 26849.37058, 23314.52830, 774.13365
414, 22880.32101, 67350.05661, 23844.05782, 4461.70177
415, 22863.52213, 29334.46246, 23310.09211, 989.80456
416, 22863.52213, 36564.99320, 23498.42146, 1560.37156
417, 22863.52213, 29981.94872, 23479.48520, 1242.28903
418, 22852.28495, 35356.63868, 23799.83026, 2046.42404
419, 22773.76415, 28924.65390, 23547.22944, 1343.87492
420, 22773.76415, 412836.73841, 27818.72250, 38882.16632
421, 22712.33631, 35339.83980, 23640.97978, 1880.29795
422, 22712.33631, 27433.66391, 23488.31341, 969.32007
423, 22657.12618, 136619.14646, 24556.52242, 11294.62090
424, 22657.12618, 551224.67034, 31019.66991, 57193.97317
425, 22657.12618, 406980.57403, 27183.38587, 38184.25453
426, 22657.12618, 406980.57403, 27279.14491, 38176.53649
427, 22657.12618, 35278.41196, 23532.09629, 1549.27702
428, 22657.12618, 28681.43000, 23289.46137, 1084.24695
429, 22657.12618, 35223.20184, 23419.74826, 2069.64346
430, 22638.81650, 36088.34886, 23492.62687, 1956.28614
431, 22638.81650, 30370.96647, 23287.20634, 1267.74395
432, 22638.81650, 44609.74266, 23503.08875, 2624.86907
433, 22638.81650, 438671.43446, 27527.75990, 41342.12523
434, 22638.81650, 174230.36360, 24577.48808, 15106.08740
435, 22638.81650, 39024.84909, 23167.51311, 1716.81398
436, 22584.70433, 27951.02252, 23214.32061, 1018.75486
437, 22595.60343, 350456.40991, 26703.19586, 32584.32480
438, 22595.60343, 35115.13417, 23440.77121, 1731.44499
439, 22544.22621, 28963.23919, 23456.19354, 1303.11258
440, 22595.60343, 28414.80046, 23221.86067, 1062.32241
441, 22561.23112, 28289.67934, 23248.99520, 1069.50242
442, 22496.50492, 35115.13417, 23358.61863, 1761.60910
443, 22496.50492, 277035.90929, 26057.31282, 25322.40384
444, 22496.50492, 28666.17026, 23232.42415, 1201.59770
445, 22496.50492, 28579.37954, 23129.05812, 1142.70479
446, 22496.50492, 428231.93857, 29793.75550, 47293.33707
447, 22496.50492, 36390.00369, 23239.99625, 1991.57875
448, 22460.23560, 446817.04971, 27284.08935, 42176.60705
449, 22496.50492, 30644.71023, 23248.69869, 1458.16375
450, 22496.50492, 34972.82259, 23412.63298, 1964.27139
451, 22496.50492, 34972.82259, 23353.50648, 1809.17899
452, 22496.50492, 109461.66446, 23933.99266, 8693.00374
453, 22439.05469, 391344.92890, 26636.52081, 36678.55448
454, 22439.05469, 30893.08708, 23052.10641, 1338.98205
455, 22436.61484, 34972.82259, 23180.30766, 1657.40918
456, 22436.61484, 84308.12099, 23657.75880, 6178.00708
457, 22436.61484, 27043.88341, 22912.61970, 888.44031
458, 22436.61484, 27548.83534, 23036.29805, 937.02303
459, 22379.16462, 32292.20169, 23070.93053, 1512.64535
460, 22379.16462, 34915.37237, 22981.71527, 1403.37381
461, 22379.16462, 27422.73316, 23042.68126, 979.93900
462, 22379.16462, 30402.31438, 23297.13412, 1513.54433
463, 22379.16462, 100936.22110, 24112.43649, 7955.29155
464, 22379.16462, 27790.48082, 22949.87184, 999.43048
465, 22379.16462, 80765.23282, 23560.81204, 5988.06006
466, 22379.16462, 29437.52736, 22965.27967, 1209.96080
467, 22345.87736, 205749.23544, 25117.53849, 18294.61582
468, 22345.87736, 34920.40671, 22939.11345, 1555.63501
469, 22345.87736, 404550.17995, 26768.99742, 37983.27995
470, 22370.86166, 36293.26266, 23194.27330, 1991.76008
471, 22370.86166, 114850.75654, 23787.31076, 9211.46891
472, 22370.86166, 34920.40671, 23257.25342, 1953.67560
473, 22361.64491, 34912.10375, 22976.97854, 1522.97528
474, 22353.34195, 28102.05630, 22873.95360, 1031.21878
475, 22353.34195, 27302.81864, 22837.18807, 896.80463
476, 22353.34195, 34920.40671, 23210.72199, 1797.58068
477, 22353.34195, 35727.04568, 23146.32585, 1934.05744
478, 22353.34195, 27484.48030, 22785.39410, 729.97886
479, 22353.34195, 71203.37806, 23498.81707, 5078.39303
480, 22233.34696, 43088.53085, 23148.64994, 2521.92229
481, 22350.26417, 303822.93881, 25784.28778, 27979.77890
482, 22353.34195, 36753.39481, 23183.52989, 2062.32831
483, 22353.34195, 37409.18901, 23026.32327, 1866.77197
484, 22353.34195, 29545.47216, 22953.16088, 1216.76526
485, 22353.34195, 34894.58404, 23247.83785, 2163.58894
486, 22353.34195, 448338.96321, 30695.04255, 52891.37667
487, 22339.24227, 31006.62377, 22962.11797, 1139.37623
488, 22279.68950, 34894.58404, 22926.61294, 1540.37886
489, 22279.68950, 34894.58404, 23367.71129, 2521.29268
490, 22353.34195, 34894.58404, 23108.92553, 1670.71492
491, 22353.34195, 34894.58404, 23119.81571, 1880.07277
492, 22353.34195, 249515.99664, 25113.60744, 22570.91352
493, 22353.34195, 373763.83821, 27005.52991, 35027.48895
494, 22353.34195, 65187.52440, 23219.73966, 4357.83178
495, 22353.34195, 28981.86178, 22931.03388, 1139.95503
496, 22339.24227, 25824.50152, 22757.54336, 729.77713
497, 22292.32619, 36366.63809, 22976.99936, 1728.10585
498, 22292.32619, 29751.17210, 23308.59167, 1551.99769
499, 22292.32619, 36133.77455, 23138.74879, 1865.75567
500, 22292.32619, 168605.67318, 24494.24564, 14559.21443
501, 22292.32619, 27321.14776, 22875.35360, 954.89228
502, 22278.22651, 37302.07315, 23218.00136, 2644.52278
503, 22278.22651, 30790.44158, 22831.51998, 1126.48479
504, 22246.67394, 30691.68753, 22902.92724, 1284.25948
505, 22246.67394, 36921.39317, 22989.73232, 2006.20732
506, 22246.67394, 31022.21026, 22875.25323, 1372.15276
507, 22246.67394, 49789.77472, 23090.76062, 2855.58394
508, 22278.22651, 36072.75879, 22973.46805, 1959.49378
509, 22278.22651, 111659.34017, 24150.05888, 9120.26663
510, 22205.80466, 31672.32791, 22804.36209, 1347.78421
511, 22278.22651, 34819.46860, 22880.83811, 1526.16782
512, 22278.22651, 34819.46860, 22868.13869, 1486.80644
513, 22255.96820, 34819.46860, 22728.42898, 1373.58670
514, 22255.96820, 34819.46860, 22811.60801, 1596.42253
515, 22255.96820, 35953.23100, 23141.14605, 1839.74644
516, 22255.96820, 29779.77410, 22946.47661, 1413.16595
517, 22255.96820, 27981.30335, 22861.52953, 957.12912
518, 22234.30517, 468552.56257, 30086.39093, 49510.47846
519, 22234.30517, 95145.17176, 23512.22705, 7267.92518
520, 22234.30517, 346083.63750, 26090.96998, 32188.92112
521, 22234.30517, 98860.38450, 23621.64985, 7705.43725
522, 22234.30517, 31553.11952, 22864.38105, 1269.54783
523, 22234.30517, 29539.78266, 22995.51614, 1368.33849
524, 22234.30517, 25135.58566, 22693.57997, 728.86884
525, 22234.30517, 33822.24509, 22863.78367, 1442.86230
526, 22234.30517, 166074.61836, 24506.54196, 14302.26503
527, 22139.31936, 29097.19463, 22911.19161, 1348.46900
528, 22139.31936, 27818.17071, 22787.21061, 976.14008
529, 22139.31936, 36433.69198, 23030.82341, 1768.07878
530, 22001.80466, 31929.85667, 22975.84035, 1511.29104
531, 22001.80466, 26375.10706, 22715.48338, 905.95074
532, 22001.80466, 36228.53973, 23020.53423, 1724.13502
533, 21970.80466, 31323.77813, 22666.04951, 1174.75648
534, 21970.80466, 36499.64241, 23012.50702, 2202.60663
535, 21970.80466, 38397.50216, 23827.22877, 3970.87915
536, 21970.80466, 38184.53565, 23872.83024, 4171.97816
537, 21845.73149, 47790.50155, 24061.62081, 4665.49329
538, 21876.73149, 141756.37874, 25345.37824, 14896.59277
539, 21876.73149, 38878.69506, 22941.14655, 2341.98780
540, 21876.73149, 28506.31206, 22668.18056, 1164.13934
541, 21876.73149, 38344.14665, 22602.02323, 1780.83068
542, 21876.73149, 428319.58407, 26870.60885, 40402.71852
543, 21845.73149, 28443.42421, 22524.77582, 1145.75500
544, 21845.73149, 25744.95859, 22390.93810, 821.86680
545, 21845.73149, 29625.08329, 22628.15152, 1352.76428
546, 21845.73149, 30558.83853, 22410.47820, 1309.74835
547, 21845.73149, 36841.54574, 22512.32120, 1678.30291
548, 21845.73149, 29861.98167, 22604.59542, 1373.81551
549, 21845.73149, 28924.29676, 22447.40360, 1129.83914
550, 21784.69653, 27169.34860, 22447.71073, 982.83886
551, 21784.69653, 32001.88438, 22476.05214, 1406.82862
552, 21784.69653, 127116.43981, 23679.51590, 10493.91002
553, 21784.69653, 30696.12187, 22518.64322, 1523.35479
554, 21784.69653, 32066.04716, 22563.49716, 1668.19316
555, 21784.69653, 26113.88587, 22214.24867, 822.84451
556, 21677.50995, 29897.64161, 22486.71617, 1328.58840
557, 21677.50995, 408831.01983, 26192.49081, 38476.74149
558, 21677.50995, 25856.68475, 22270.06062, 822.89557
559, 21677.50995, 28567.92775, 22626.63963, 1562.33891
560, 21616.47498, 27786.27493, 22430.29077, 1268.87472
561, 21677.50995, 31773.95165, 22310.75765, 1436.59356
562, 21616.47498, 28208.98998, 22084.90085, 950.45400
563, 21616.47498, 66965.84281, 22765.84880, 4556.96065
564, 21616.47498, 27758.21243, 22271.64184, 1077.68219
565, 21616.47498, 25127.53207, 22080.64455, 812.88607
566, 21616.47498, 531839.83970, 27279.65465, 50721.73599
567, 21616.47498, 26671.97901, 22135.20488, 956.37111
568, 21616.47498, 27856.48325, 22200.64474, 1142.33332
569, 21616.47498, 29684.14531, 22138.36867, 1244.87288
570, 21616.47498, 27761.87259, 22136.04500, 1034.37302
571, 21616.47498, 310371.99183, 26495.90494, 31573.84713
572, 21616.47498, 30015.44052, 22243.43212, 1237.92384
573, 21616.47498, 130509.34497, 23284.80013, 10819.23541
574, 21551.45626, 26797.82935, 22096.41048, 948.61346
575, 21551.45626, 36014.16429, 22205.31255, 1732.32945
576, 21551.45626, 28605.06171, 22217.40714, 1172.49037
577, 21534.66814, 89508.43257, 22873.59485, 6846.09699
578, 21534.66814, 266477.23133, 25255.77075, 24932.24249
579, 21551.45626, 33407.56652, 22327.39400, 1731.69670
580, 21551.45626, 28941.64278, 22213.86785, 1440.96057
581, 21534.66814, 29619.12659, 22134.96799, 1077.11741
582, 21534.66814, 34226.03289, 22373.10479, 1657.59500
583, 21534.66814, 28801.30453, 22191.40967, 1184.76814
584, 21534.66814, 30837.67952, 22306.40072, 1545.46876
585, 21534.66814, 28393.93547, 22255.97499, 1310.98213
586, 21534.66814, 129964.22826, 23184.93921, 10785.47353
587, 21534.19247, 26876.07558, 22005.65837, 929.30382
588, 21534.19247, 29932.33281, 22144.50040, 1382.81877
589, 21534.19247, 28085.71502, 21948.01135, 944.48024
590, 21517.40434, 343553.90841, 26987.82141, 35842.37439
591, 21517.40434, 84870.80260, 22863.10481, 6391.10032
592, 21502.81340, 34594.47910, 22151.86554, 1703.74644
593, 21502.81340, 29000.96720, 22115.64789, 1224.83375
594, 21502.81340, 29079.72471, 22034.40245, 1299.83435
595, 21485.54960, 27992.46939, 22112.49058, 1069.64966
596, 21485.54960, 25911.73805, 22101.45227, 999.07485
597, 21366.78516, 26378.19458, 21998.40243, 893.84073
598, 21366.78516, 29231.09393, 22070.42078, 1150.16646
599, 21366.78516, 29565.05169, 22124.23477, 1404.20848
600, 21366.78516, 146625.29432, 23341.20644, 12464.74293
601, 21338.28956, 31263.06972, 21955.72151, 1278.75073
602, 21338.28956, 27179.10943, 22180.90029, 1284.65649
603, 21282.20725, 321411.26886, 25080.57632, 29799.78660
604, 21282.20725, 265589.63086, 26135.21426, 26607.26234
605, 21282.20725, 28131.48072, 22038.48562, 1169.45262
606, 21282.20725, 27509.52283, 21998.91391, 1069.73398
607, 21256.86658, 156296.33591, 23109.05717, 13406.15051
608, 21256.86658, 26676.55079, 21845.93501, 927.93782
609, 21256.86658, 156803.29779, 23045.15349, 13463.39793
610, 21256.86658, 32752.50770, 22070.41999, 1660.96018
611, 21256.86658, 483767.91829, 32148.00252, 64762.23163
612, 21256.86658, 161544.46645, 23458.69744, 14014.95246
613, 21256.86658, 27153.74470, 21913.29884, 1117.19905
614, 21256.86658, 25367.58175, 21748.37051, 820.19611
615, 21232.20757, 25423.85256, 21747.06379, 828.12201
616, 21232.20757, 24259.75161, 21682.43662, 769.99302
617, 21182.75846, 28073.07784, 22098.93315, 1572.66838
618, 21182.75846, 25513.60618, 21845.18059, 927.14239
619, 21182.75846, 34043.66607, 22289.89805, 2226.10928
620, 21182.75846, 65340.97192, 22345.65364, 4492.04005
621, 21158.09945, 29220.23274, 21886.57353, 1189.00992
622, 21158.09945, 31530.10125, 21763.24165, 1326.69643
623, 21158.09945, 28794.41631, 21820.89961, 1248.27438
624, 21158.09945, 26867.98454, 21943.23508, 1115.59294
625, 21158.09945, 288421.85797, 25034.04111, 26859.86561
626, 21158.09945, 530011.80127, 26644.41261, 50601.07690
627, 21158.09945, 57505.89606, 22159.66747, 3753.56825
628, 21158.09945, 29684.76536, 21819.35585, 1383.69996
629, 21158.09945, 28015.63760, 21812.84276, 1206.00227
630, 21039.81457, 33435.49400, 22057.85061, 1671.94346
631, 21039.81457, 27422.23699, 21688.17026, 995.76763
632, 21039.81457, 321239.59718, 24581.34124, 29826.10704
633, 21089.65725, 25752.76715, 21743.73539, 908.17217
634, 21089.65725, 28996.52434, 21783.63746, 1357.75010
635, 21089.65725, 25543.22293, 21731.36447, 978.58893
636, 21089.65725, 56291.92998, 22009.70529, 3544.80639
637, 21089.65725, 31765.81559, 21756.14498, 1463.44715
638, 21089.65725, 26144.98972, 21736.40116, 1001.77163
639, 21089.65725, 33369.22369, 21738.80202, 1591.30827
640, 21089.65725, 28271.79238, 21761.60021, 1257.09164
641, 21089.65725, 32413.01065, 22022.40007, 1772.85495
642, 21068.41574, 30972.24957, 21940.61433, 1806.68092
643, 21089.65725, 30260.42867, 21747.38651, 1389.14140
644, 21089.65725, 28724.12689, 21671.12570, 1129.10991
645, 21089.65725, 30667.05367, 21640.31090, 1190.47065
646, 21089.65725, 28190.22971, 21812.35267, 1364.29895
647, 21089.65725, 493984.96309, 28042.92109, 49606.97456
648, 21089.65725, 34159.79616, 21821.83292, 1617.50783
649, 21089.65725, 137019.75287, 22897.77158, 11551.38596
650, 21089.65725, 138188.55703, 22875.48048, 11649.77838
651, 21089.65725, 32115.60512, 21862.70619, 1741.92166
652, 21089.65725, 27643.12198, 21669.52089, 1163.97488
653, 21089.65725, 29081.57451, 21734.87899, 1257.56138
654, 21089.65725, 27980.19504, 21623.71710, 971.06084
655, 21051.79382, 30330.56523, 21785.80797, 1411.05000
656, 21051.79382, 28541.79180, 21560.38093, 1006.92666
657, 21051.79382, 28395.57174, 21661.22514, 1139.48678
658, 21051.79382, 28749.05994, 21762.03312, 1294.38968
659, 21051.79382, 26510.94749, 21708.17117, 1079.25881
660, 21051.79382, 25086.85737, 21610.79635, 812.64745
661, 21051.79382, 34866.29000, 21713.85325, 1664.74107
662, 21051.79382, 403192.60348, 25573.58125, 37977.08390
663, 21051.79382, 25333.61400, 21532.25633, 852.37017
664, 21051.79382, 26494.95231, 21584.56417, 930.05009
665, 21051.79382, 392565.08476, 25334.05058, 36923.66677
666, 21051.79382, 26517.15382, 21480.23417, 804.18973
667, 21051.79382, 148586.06968, 22933.89943, 12693.04466
668, 21051.79382, 27110.05411, 21399.64199, 832.01671
669, 21051.79382, 26145.30578, 21546.33942, 852.70305
670, 21051.79382, 25786.32866, 21479.43013, 784.19708
671, 21051.79382, 33624.41267, 21636.10854, 1450.55430
672, 21051.79382, 366439.54400, 26217.51731, 36124.82273
673, 21051.79382, 98323.61166, 22437.69061, 7706.85265
674, 21051.79382, 26484.85690, 21564.21021, 954.45725
675, 21010.66780, 26333.63185, 21580.06733, 1014.00384
676, 21010.66780, 27992.14922, 21629.32630, 1132.57902
677, 21010.66780, 28240.31910, 21435.20868, 928.64841
678, 21010.66780, 27772.69724, 21467.51095, 939.18598
679, 21010.66780, 502862.59194, 26418.24954, 47896.17780
680, 21010.66780, 340098.75308, 27936.32975, 44604.28246
681, 21010.66780, 29125.32114, 21727.53930, 1203.60532
682, 21008.77342, 23940.32804, 21499.90519, 747.43181
683, 21007.05306, 26788.44039, 21543.10256, 1027.20606
684, 21007.05306, 26611.61021, 21470.87462, 1058.72516
685, 21008.77342, 28555.46983, 21516.79682, 1132.26114
686, 21010.66780, 33507.39546, 21794.84829, 1808.09182
687, 21010.66780, 29338.82523, 21561.71878, 1201.62494
688, 21010.66780, 33290.23424, 21762.65490, 1741.51639
689, 21010.66780, 28872.82218, 21532.56710, 1159.64040
690, 21010.66780, 26670.51080, 21651.81632, 1145.39737
691, 21010.66780, 215133.21077, 23499.09667, 19285.41016
692, 20972.52009, 155592.54203, 23863.62495, 15291.50733
693, 20972.52009, 34978.09267, 21761.58572, 1612.40634
694, 20972.52009, 28078.29353, 21611.46147, 1135.39875
695, 20972.52009, 28052.07445, 21676.60225, 1198.49132
696, 20972.52009, 26818.11684, 21602.84403, 1037.53415
697, 20972.52009, 39053.58305, 21929.31040, 2116.19114
698, 20972.52009, 28361.77691, 21559.43825, 1060.87885
699, 20972.52009, 193867.82826, 23150.78299, 17173.68037
700, 20972.52009, 27921.01726, 21625.33388, 1296.99903
701, 20972.52009, 28737.49898, 21663.51987, 1317.71899
702, 20972.52009, 33529.30490, 21719.77040, 1646.94097
703, 20972.52009, 230020.68519, 24205.16269, 21842.43214
704, 20972.52009, 345634.87899, 25037.51334, 32269.51545
705, 20972.52009, 198412.79368, 23239.68072, 17634.20450
706, 20972.52009, 26709.16666, 21410.72076, 915.89833
707, 20972.52009, 26119.87608, 21459.46771, 859.10533
708, 20964.08485, 41767.12499, 21623.73985, 2300.70615
709, 20946.81422, 25778.21063, 21459.25292, 933.81312
710, 20946.81422, 25140.75985, 21410.17992, 901.19839
711, 20946.81422, 80276.94054, 22845.96265, 8159.97103
712, 20939.28382, 25191.59946, 21634.22220, 1001.17580
713, 20939.28382, 73232.11862, 22156.94417, 5335.85283
714, 20939.28382, 165135.35303, 23015.82501, 14344.25445
715, 20930.84858, 30817.53467, 21837.21133, 1755.95803
716, 20930.84858, 136188.09440, 22986.11779, 11494.38530
717, 20930.84858, 355102.90100, 24870.22743, 33209.82491
718, 20930.84858, 31815.50759, 21585.12209, 1519.79791
719, 20917.13747, 30708.36870, 21501.27803, 1400.89036
720, 20909.60708, 25782.90276, 21281.58831, 718.92235
721, 20824.09779, 349619.89146, 24937.54717, 32673.03262
722, 20824.09779, 479035.67482, 26233.53128, 45528.34490
723, 20824.09779, 480447.71471, 25893.48772, 45692.03070
724, 20777.98796, 390489.23770, 25147.57559, 36737.39083
725, 20777.98796, 29026.56562, 21743.48801, 1656.46487
726, 20777.98796, 24806.96846, 21240.23991, 742.83028
727, 20777.98796, 27270.60342, 21381.33789, 983.53934
728, 20752.47771, 29317.19694, 21537.75342, 1418.58523
729, 20752.47771, 24764.33245, 21368.44635, 943.84667
730, 20752.47771, 30797.06569, 21280.40521, 1217.70240
731, 20752.47771, 431793.24555, 26624.90543, 42583.12076
732, 20752.47771, 27643.15840, 21476.81866, 1285.28247
733, 20752.47771, 27371.01215, 21420.47184, 1161.26876
734, 20752.47771, 27723.21129, 21253.77178, 1179.14720
735, 20752.47771, 23923.01939, 21309.97700, 781.84120
736, 20739.81902, 28428.79790, 21557.76843, 1407.56277
737, 20739.81902, 106214.19807, 22286.84887, 8518.25874
738, 20743.50106, 158964.35446, 23365.25021, 15089.43310
739, 20660.18005, 34825.92310, 21819.97875, 2249.53462
740, 20660.18005, 27168.40059, 21279.60137, 1110.25119
741, 20659.43831, 24265.94513, 21263.07529, 814.39993
742, 20660.18005, 26848.90159, 21202.47066, 919.30570
743, 20659.43831, 31484.83813, 21454.01455, 1439.07890
744, 20659.43831, 207849.50288, 23200.51301, 18594.39261
745, 20659.43831, 27492.37655, 21308.23964, 1327.23341
746, 20659.43831, 26447.32347, 21288.74533, 1267.10920
747, 20659.43831, 27280.87682, 21268.65728, 1287.94574
748, 20659.43831, 26759.25595, 21193.75036, 994.86750
749, 20633.07068, 31473.89602, 21475.04421, 1632.38408
750, 20633.07068, 27344.51844, 21261.91950, 1137.64590
751, 20633.07068, 29984.71139, 21808.35255, 1907.05456
752, 20659.43831, 25035.56052, 21280.69659, 1038.58658
753, 20659.43831, 28927.78278, 21316.06265, 1508.51066
754, 20659.43831, 26717.69860, 21231.15925, 1070.49322
755, 20659.43831, 28927.78278, 21276.28281, 1410.05827
756, 20659.43831, 26944.71677, 21360.38182, 1103.66316
757, 20659.43831, 28768.35364, 21258.12552, 1330.84730
758, 20659.43831, 28282.16108, 21181.63446, 1276.19951
759, 20659.43831, 29347.20587, 21321.69180, 1419.71854
760, 20659.43831, 26379.40750, 21142.58580, 944.27395
761, 20646.84317, 25485.61582, 21177.07240, 1008.05779
762, 20646.84317, 26425.93450, 21101.21601, 989.58290
763, 20646.84317, 32267.34312, 21224.65178, 1464.94657
764, 20646.84317, 65360.05520, 21759.67747, 4599.66486
765, 20646.84317, 26803.82437, 21205.63493, 1100.11342
766, 20646.84317, 158832.59832, 22919.53331, 13787.55183
767, 20646.84317, 27646.60459, 21246.91816, 1057.19467
768, 20646.84317, 27787.24210, 21347.01035, 1404.09657
769, 20646.84317, 67094.55547, 21618.23399, 4668.85093
770, 20646.84317, 33238.95109, 21399.37400, 1882.46408
771, 20646.84317, 29417.04452, 21345.05081, 1388.25660
772, 20609.04604, 225986.38853, 23188.77947, 20401.71687
773, 20646.84317, 398922.97103, 24966.13363, 37594.56817
774, 20646.84317, 35385.26899, 21365.05016, 1821.88614
775, 20646.84317, 24722.67005, 21130.76434, 832.98783
776, 20646.84317, 31699.29583, 21188.45497, 1508.79638
777, 20646.84317, 24333.01845, 21043.61957, 829.13303
778, 20646.84317, 27273.96067, 21181.42137, 1033.85176
779, 20646.84317, 27334.46386, 21356.76659, 1187.12987
780, 20646.84317, 27494.62235, 21295.76664, 1123.49993
781, 20646.84317, 32392.44724, 21436.68585, 1634.17843
782, 20646.84317, 28350.66042, 21306.03631, 1320.25160
783, 20646.84317, 27359.70828, 21254.42018, 1253.25646
784, 20646.84317, 29808.27345, 21127.56615, 1199.64251
785, 20646.84317, 28792.04876, 21370.69780, 1527.89970
786, 20646.84317, 359109.62726, 24484.37506, 33641.25380
787, 20646.84317, 27757.83047, 21182.09085, 1208.29915
788, 20646.84317, 25283.86119, 21227.20623, 1068.69507
789, 20646.84317, 303754.25816, 24222.88748, 28116.77408
790, 20646.84317, 293793.70871, 24101.73226, 27151.11738
791, 20646.84317, 27182.68077, 21348.47759, 1134.40908
792, 20589.69997, 328543.41191, 24553.48159, 30596.22626
793, 20585.98565, 26289.50635, 21133.63802, 1021.48615
794, 20589.69997, 26100.78017, 21243.65245, 1119.20018
795, 20589.69997, 268952.10998, 23619.76177, 24673.75102
796, 20581.01761, 28723.79085, 21191.71686, 1332.08243
797, 20581.01761, 106124.77378, 22039.14583, 8499.11308
798, 20581.01761, 27414.28446, 21250.21304, 1131.20549
799, 20581.01761, 73915.49003, 21730.47430, 5344.26063
800, 20488.64201, 28099.69182, 21256.75886, 1400.42035
801, 20488.64201, 26061.04069, 21070.60348, 979.28101
802, 20488.64201, 26598.10646, 21088.32901, 1019.54490
803, 20488.64201, 25072.13000, 21002.64315, 834.12121
804, 20488.64201, 218964.02479, 23061.58296, 19726.20840
805, 20488.64201, 32710.73864, 21173.81985, 1444.73577
806, 20488.64201, 27188.06620, 21091.51035, 1101.53189
807, 20488.64201, 27212.00084, 21105.12959, 1161.54562
808, 20488.64201, 26225.62837, 21039.33777, 1026.85821
809, 20488.64201, 29804.83943, 21154.64054, 1331.89124
810, 20488.64201, 27353.71528, 21158.84430, 1316.28745
811, 20431.18779, 42614.49833, 21291.36501, 2394.47494
812, 20431.18779, 27353.71528, 21228.91930, 1340.34395
813, 20431.18779, 29217.48950, 20929.38109, 1077.81869
814, 20431.18779, 253933.89175, 23302.90447, 23203.68066
815, 20372.26146, 30511.08373, 21483.78624, 1902.87357
816, 20372.26146, 27919.10502, 21066.15906, 1200.51090
817, 20372.26146, 78185.71092, 21678.04416, 5834.53990
818, 20372.26146, 26797.32760, 21000.62237, 1177.77540
819, 20372.26146, 271606.80672, 23980.34825, 25889.39379
820, 20322.98230, 25969.85180, 21036.55163, 1203.53214
821, 20322.98230, 263615.53682, 23319.63484, 24182.89223
822, 20322.98230, 46496.60708, 21402.42023, 3065.71255
823, 20322.98230, 23754.98623, 20810.83153, 848.69534
824, 20322.98230, 29479.40035, 20956.39188, 1379.45795
825, 20133.45161, 492884.55602, 25652.03038, 46972.83439
826, 20133.45161, 26367.21155, 20738.52026, 854.05361
827, 20133.45161, 27079.95078, 21169.96201, 1447.27863
828, 20133.45161, 29442.65790, 21091.21948, 1646.88428
829, 20115.16905, 27159.88728, 20855.80390, 1213.31708
830, 20115.16905, 242104.15167, 22873.49958, 22047.84438
831, 20115.16905, 26050.33508, 20716.52768, 1064.08960
832, 20115.16905, 28357.37611, 20711.85664, 1251.05117
833, 20113.08934, 34294.85186, 20836.88081, 1734.55299
834, 20094.80678, 29418.34522, 20724.01947, 1373.78236
835, 20094.80678, 29063.14618, 20805.25146, 1526.35541
836, 20075.01129, 26553.92330, 20810.63160, 1216.66105
837, 20075.01129, 27926.84450, 20859.45625, 1418.19547
838, 20072.93158, 27662.78324, 20747.01635, 1235.73714
839, 20030.67856, 440430.65566, 26546.35085, 44788.14797
840, 20054.64902, 75926.51590, 21431.67526, 5817.61731
841, 20054.64902, 30264.43825, 20730.97817, 1532.64737
842, 20054.64902, 28349.02892, 20563.08558, 1145.56093
843, 20054.64902, 536700.04603, 25772.73219, 51360.41483
844, 20054.64902, 29387.83032, 20604.45162, 1235.52893
845, 20054.64902, 25750.02907, 20501.98082, 1032.03662
846, 20054.64902, 468326.95479, 25212.62017, 44557.61630
847, 20054.64902, 25673.40656, 20704.13295, 1126.01675
848, 20054.64902, 28199.85461, 20672.21452, 1263.84741
849, 20007.84216, 123365.31255, 21556.30591, 10281.18201
850, 20007.84216, 27154.90389, 20602.50191, 1017.33534
851, 20007.84216, 27221.80920, 20899.07786, 1433.49480
852, 20007.84216, 28142.42947, 20670.33255, 1325.61546
853, 20007.84216, 50861.37178, 20814.43353, 3153.36753
854, 20032.95641, 27253.64318, 20849.09050, 1286.48796
855, 19944.77896, 26794.27262, 20724.18101, 1259.02430
856, 19944.77896, 134187.79143, 21695.22543, 11336.76795
857, 19944.77896, 260152.09586, 25248.76984, 30374.51163
858, 19944.77896, 32927.52672, 20661.65236, 1553.85674
859, 19944.77896, 25278.26795, 20522.61474, 972.90428
860, 19944.77896, 26303.65916, 20709.19564, 1270.33780
861, 19944.77896, 25736.49141, 20686.07356, 1205.59692
862, 19944.77896, 457587.42703, 24795.66510, 43508.42502
863, 19944.77896, 27110.67627, 20567.40884, 1121.66087
864, 19944.77896, 26548.11136, 20648.55321, 1207.73602
865, 19944.77896, 136725.25452, 21797.95468, 11614.07267
866, 19944.77896, 25084.17381, 20443.89848, 975.19693
867, 19944.77896, 25080.71939, 20437.09694, 963.10879
868, 19944.77896, 211422.92220, 22401.47344, 19038.75062
869, 19944.77896, 45274.36883, 20983.02062, 2787.84209
870, 19940.93707, 26656.57675, 20680.24543, 1438.38347
871, 19940.93707, 26631.01218, 20581.40856, 1185.45150
872, 19943.33260, 182048.00074, 22324.77204, 16146.92522
873, 19943.33260, 259707.54747, 22887.42344, 23823.29672
874, 19941.59719, 31601.79563, 20770.49934, 1893.38802
875, 19941.59719, 28427.83818, 20680.73126, 1577.10922
876, 19939.75248, 26670.04398, 20723.33385, 1362.98224
877, 19939.15593, 508740.04188, 25257.28951, 48599.43547
878, 19939.15593, 34535.59308, 20751.47161, 1913.24798
879, 19939.15593, 29125.83855, 20664.96790, 1354.78410
880, 19931.40503, 25458.00624, 20397.37154, 883.57626
881, 19928.22326, 29095.90760, 20305.80828, 1062.01065
882, 19926.37856, 169695.01114, 21890.97515, 14909.33350
883, 19867.52632, 26652.30961, 20438.49242, 1079.01609
884, 19867.52632, 455204.12004, 26174.29360, 44284.38204
885, 19867.52632, 259713.95926, 23259.12954, 23845.48586
886, 19844.46642, 34511.53724, 20744.31863, 1861.44171
887, 19867.52632, 48207.72892, 20803.14416, 2917.68420
888, 19867.52632, 29864.93551, 20640.88367, 1334.26011
889, 19860.93826, 68198.63429, 21028.20028, 4935.41044
890, 19855.43328, 28183.79047, 20391.41550, 1184.70875
891, 19855.43328, 25115.85016, 20512.00546, 1059.17062
892, 19856.52218, 29320.51308, 20555.60444, 1366.32266
893, 19851.52698, 101996.75355, 21274.45680, 8192.09517
894, 19856.52218, 27360.77383, 20452.05003, 1357.98691
895, 19856.52218, 24301.73489, 20433.85001, 895.61263
896, 19856.52218, 454991.60183, 25151.10905, 43248.28936
897, 19856.52218, 507760.54393, 25330.26690, 48504.95898
898, 19856.52218, 26090.77613, 20508.18693, 1130.64593
899, 19856.52218, 25687.97037, 20455.21782, 1151.47569
900, 19856.52218, 24920.39079, 20354.67295, 870.15056
901, 19856.52218, 33260.30355, 20630.59272, 1802.46092
902, 19856.52218, 146071.13249, 21708.52919, 12573.66030
903, 19847.65919, 25649.61054, 20490.05932, 1104.80084
904, 19847.65919, 101315.33132, 21219.36729, 8100.81565
905, 19847.65919, 28550.38815, 20427.01917, 1409.62863
906, 19847.65919, 25028.37993, 20413.61729, 1037.86220
907, 19847.65919, 26491.72937, 20328.06076, 985.56169
908, 19847.65919, 27448.44182, 20530.80854, 1340.59680
909, 19847.65919, 25619.43238, 20416.10383, 960.06258
910, 19847.65919, 26863.49444, 20558.77606, 1297.91604
911, 19847.65919, 210908.97514, 22389.13230, 19003.72338
912, 19846.81508, 70901.83412, 20858.42858, 5129.27800
913, 19846.81508, 25971.42288, 20291.42987, 908.17948
914, 19846.81508, 25428.97742, 20478.14208, 1140.86635
915, 19809.00362, 23738.81898, 20254.35199, 829.16807
916, 19809.00362, 26482.86639, 20406.75986, 1036.03144
917, 19809.00362, 33388.64928, 20394.13751, 1556.66699
918, 19809.00362, 25627.90408, 20381.34907, 960.08195
919, 19809.00362, 34186.01339, 20686.14008, 1865.79693
920, 19808.15951, 25727.19699, 20315.31153, 964.30396
921, 19809.00362, 26458.29582, 20318.94338, 1064.59191
922, 19809.00362, 299920.74513, 23085.79426, 27836.93508
923, 19809.00362, 507422.63909, 26388.69852, 49614.07957
924, 19809.00362, 279975.99340, 23310.72211, 25854.81133
925, 19778.17600, 25973.56424, 20316.36140, 1048.32307
926, 19778.17600, 24181.36312, 20356.79208, 980.98727
927, 19778.17600, 30198.14567, 20664.23167, 1897.88033
928, 19778.17600, 26832.14006, 20293.90924, 1068.33860
929, 19778.17600, 434937.50422, 24526.66148, 41264.96653
930, 19778.17600, 29432.13709, 20635.24681, 1705.38517
931, 19778.17600, 24662.30863, 20259.19440, 888.93273
932, 19778.17600, 26762.55748, 20286.65567, 1007.46948
933, 19778.17600, 27854.96234, 20465.31118, 1697.68189
934, 19778.17600, 26047.81202, 20491.12507, 1261.96748
935, 19778.17600, 264984.79222, 25101.27636, 33271.22821
936, 19778.17600, 31346.73362, 20229.64240, 1290.05992
937, 19778.17600, 27036.37020, 20378.36493, 1162.89654
938, 19778.17600, 26274.51111, 20344.32134, 1146.95420
939, 19778.17600, 25621.37719, 20433.59697, 1204.25417
940, 19778.17600, 32828.50194, 20555.73310, 1653.96482
941, 19778.17600, 26432.63281, 20452.24023, 1113.85858
942, 19778.17600, 30109.98034, 20518.27491, 1549.86087
943, 19778.17600, 24915.23554, 20189.31886, 918.67850
944, 19778.17600, 25396.93354, 20281.21455, 999.52407
945, 19778.17600, 24504.23976, 20236.65384, 966.43820
946, 19778.17600, 25139.08654, 20530.30356, 1126.57114
947, 19778.17600, 199857.81854, 22290.31781, 17882.67230
948, 19778.17600, 29175.02446, 20362.80268, 1204.42598
949, 19778.17600, 26447.78556, 20565.92079, 1173.06367
950, 19778.17600, 23032.01346, 20282.16797, 804.39364
951, 19778.17600, 78062.98110, 21003.97890, 5869.52228
952, 19778.17600, 36059.41670, 20721.86978, 2285.21607
953, 19778.17600, 24174.47424, 20405.51416, 1076.69619
954, 19755.59326, 26460.32321, 20358.08158, 1112.55429
955, 19755.59326, 62169.67502, 20793.75408, 4262.83722
956, 19755.59326, 29729.58152, 20515.70936, 1549.18304
957, 19743.84581, 26220.28133, 20347.82000, 1279.29417
958, 19740.52897, 32900.43506, 20459.87703, 1565.28417
959, 19743.84581, 27868.83307, 20593.93167, 1694.72306
960, 19743.84581, 378952.34775, 23943.72105, 35691.54212
961, 19721.26306, 24267.78576, 20399.88428, 1041.45514
962, 19721.26306, 32847.09921, 20546.77836, 1721.59889
963, 19721.26306, 147842.68618, 21733.38007, 12792.89378
964, 19721.26306, 24272.61821, 20236.03983, 911.40922
965, 19721.26306, 31037.48061, 20423.45599, 1554.64137
966, 19721.26306, 25928.07515, 20473.08881, 1227.18772
967, 19721.26306, 26940.87520, 20475.75152, 1171.66101
968, 19721.26306, 28132.29951, 20383.88313, 1377.46102
969, 19721.26306, 292772.96433, 23253.31653, 27178.71203
970, 19721.26306, 23105.03778, 20219.75390, 857.37539
971, 19721.26306, 25931.49439, 20420.71516, 1218.50530
972, 19721.26306, 22974.08373, 20234.69433, 815.01125
973, 19721.26306, 362133.93994, 23612.76742, 34033.91561
974, 19720.02223, 28253.31765, 20441.25320, 1431.07151
975, 19721.26306, 22826.07969, 20186.59298, 768.17699
976, 19721.26306, 27519.77949, 20267.34051, 1111.72242
977, 19721.26306, 48009.23343, 20487.05477, 2952.05479
978, 19721.26306, 24491.35037, 20107.58480, 826.77652
979, 19721.26306, 26202.08938, 20322.01977, 1226.59548
980, 19698.39660, 25738.43726, 20239.13861, 962.05542
981, 19721.26306, 25132.61980, 20293.65340, 890.09350
982, 19721.26306, 32500.96889, 20406.14840, 1650.55139
983, 19721.26306, 28277.09936, 20461.43816, 1360.68000
984, 19721.26306, 28795.27500, 20503.89437, 1425.38255
985, 19721.26306, 494723.72596, 25185.62860, 47204.31132
986, 19721.26306, 24499.84496, 20226.36073, 834.67290
987, 19721.26306, 25924.08538, 20346.33756, 1261.32200
988, 19683.46594, 64427.05389, 21074.53077, 5009.51559
989, 19683.46594, 30826.76533, 20699.65758, 1949.53125
990, 19721.26306, 138748.86584, 21685.33906, 11860.06562
991, 19721.26306, 25810.00917, 20295.62202, 1161.69107
992, 19721.26306, 27532.93852, 20432.60192, 1260.37051
993, 19721.26306, 27056.99126, 20506.71550, 1353.42111
994, 19721.26306, 29142.03774, 20642.41024, 1804.05543
995, 19712.87475, 27813.97203, 20352.84965, 1171.69177
996, 19721.26306, 25810.13689, 20364.11057, 1010.68279
997, 19721.26306, 29721.45920, 20338.57845, 1277.02595
998, 19721.26306, 101388.52765, 21208.57027, 8191.03490
999, 19721.26306, 371433.44492, 23855.68635, 34979.15820
