instance=HRC101, CXPB1=0.5, MUTPB1=0.2, MUTPB2=0.2 
Algorithm took 17.49s

min, max, mean, std
0, 18087.65763, 274331.48415, 37416.33935, 48242.42541
1, 18087.65763, 310755.42610, 31591.21811, 45385.29929
2, 17986.81686, 264517.52905, 28280.91107, 33957.26621
3, 17562.14947, 289589.11104, 26818.98667, 39993.89250
4, 16668.54422, 276750.62312, 26452.85342, 32904.06371
5, 16925.73768, 167918.85696, 22601.71687, 21215.58332
6, 16523.59349, 217535.89604, 27369.99095, 31824.95657
7, 16343.75357, 183538.97939, 22504.70909, 22598.60322
8, 16279.82489, 188757.74559, 24912.41049, 28274.62446
9, 16142.49363, 115601.69557, 19398.91870, 12020.87499
10, 16177.18088, 122705.54063, 21147.15163, 19586.01445
11, 15345.95454, 124077.86776, 21816.55815, 21437.77984
12, 15511.73570, 139319.77443, 21936.31840, 22397.67426
13, 15833.85160, 244186.68878, 26245.90324, 36982.20665
14, 15779.55444, 114698.49412, 20243.41142, 18432.61502
15, 15512.67317, 116420.07752, 22870.45194, 23632.61950
16, 15512.67317, 119269.90995, 22233.38643, 22407.96253
17, 15332.06486, 167825.20924, 19673.11916, 19664.42916
18, 15136.85208, 107279.80622, 18756.97911, 15164.31783
19, 14875.91402, 177397.48217, 20149.21884, 22048.75180
20, 14942.05816, 107317.03464, 18210.25631, 15311.42952
21, 14741.39679, 256094.46578, 23828.76163, 34088.08990
22, 14741.39679, 172023.81234, 20518.51322, 23396.42467
23, 14720.57981, 175689.22112, 22971.51836, 29186.94767
24, 14388.55919, 100420.88692, 16011.87619, 8490.47778
25, 14571.80086, 177348.18645, 19357.02733, 22051.42766
26, 14402.99098, 108862.14703, 16356.50447, 10216.29499
27, 14313.02987, 16918.44448, 14918.28138, 408.60708
28, 14255.36086, 104752.05946, 15722.21038, 8955.35705
29, 14295.49586, 103312.68719, 15685.13868, 8813.74069
30, 13958.81736, 109462.37044, 17485.13782, 15635.78304
31, 13915.09963, 15739.33971, 14698.43955, 339.74066
32, 13858.40606, 108929.62823, 19126.24730, 19551.13141
33, 13863.64685, 198567.80167, 18948.01954, 23323.69248
34, 13757.19052, 106956.59063, 16333.10379, 12949.17426
35, 13757.19052, 108718.89866, 17800.19356, 17268.95962
36, 13589.29060, 112280.82505, 17928.97725, 17674.86886
37, 13343.46400, 106000.59184, 15044.55163, 9146.53693
38, 13566.57894, 15237.69243, 14066.51753, 309.47219
39, 13566.57894, 41534.16310, 14289.76472, 2750.89569
40, 13392.51559, 15489.95136, 14035.19450, 377.10952
41, 13442.15625, 58256.54422, 14827.28995, 5595.77458
42, 13442.15625, 149393.61357, 15354.34429, 13479.20026
43, 13391.46709, 15355.55876, 13900.59066, 362.51197
44, 13047.86823, 15172.67198, 13782.44087, 333.92013
45, 13047.86823, 153040.99351, 15235.17509, 13884.78643
46, 12950.90594, 14962.83434, 13601.72811, 349.28993
47, 12923.35936, 14620.70528, 13545.10778, 347.58572
48, 12847.83552, 178228.63459, 15099.74989, 16399.11777
49, 12647.64711, 14681.98452, 13422.18723, 432.05115
50, 12647.64711, 14080.38198, 13199.98286, 296.59265
51, 12642.30121, 14113.67283, 13117.89534, 291.98536
52, 12642.30121, 13914.07716, 13059.39638, 284.83714
53, 12414.19537, 83610.64317, 13690.58860, 7031.69639
54, 12414.19537, 182920.33352, 14684.00639, 16911.76389
55, 12414.19537, 15127.43191, 12926.24007, 381.13462
56, 12361.27851, 14187.50597, 12858.27405, 343.39687
57, 12361.27851, 14225.96462, 12888.05663, 396.72248
58, 12361.27851, 13829.98464, 12754.31290, 254.65438
59, 12310.63935, 13757.81281, 12708.46557, 271.28927
60, 12155.05259, 14057.40647, 12690.83374, 337.70587
61, 12155.05259, 34916.85083, 12876.93474, 2237.57621
62, 12133.04575, 13856.38433, 12637.06437, 322.53414
63, 12023.13999, 13732.62956, 12572.17151, 330.97455
64, 12013.52948, 13447.35557, 12485.66849, 326.07965
65, 11935.61948, 13822.35909, 12440.48944, 339.43929
66, 11935.61948, 14024.59227, 12379.00264, 362.48088
67, 11831.18744, 13600.69966, 12366.16877, 389.61433
68, 11831.18744, 13328.78514, 12280.47250, 288.48115
69, 11831.18744, 13416.90298, 12200.93825, 241.32871
70, 11831.18744, 14262.74256, 12192.48759, 360.96602
71, 11661.27374, 14104.54270, 12117.94296, 359.49958
72, 11661.27374, 13529.98039, 12085.76895, 345.69786
73, 11661.27374, 13548.00324, 12044.01438, 299.94199
74, 11661.27374, 13106.46005, 11966.93768, 265.36565
75, 11661.27374, 13375.13215, 11935.92849, 295.63750
76, 11618.13581, 14162.51059, 11897.33044, 337.42197
77, 11470.08649, 54903.45093, 12317.45760, 4295.54917
78, 11470.08649, 13364.62193, 11866.88965, 311.84970
79, 11610.85604, 13107.65261, 11828.04124, 249.05204
80, 11610.85604, 13221.55841, 11804.70067, 265.59528
81, 11586.83820, 12609.04231, 11779.24187, 235.58399
82, 11586.83820, 12894.29522, 11773.81199, 227.08399
83, 11579.87595, 13469.62158, 11786.56921, 275.71819
84, 11501.21423, 33708.33534, 11993.75863, 2195.66811
85, 11502.33314, 13209.84595, 11774.05272, 310.81197
86, 11541.93391, 13473.42221, 11779.21660, 310.13422
87, 11505.61096, 13233.86379, 11806.55884, 316.79413
88, 11505.61096, 13317.21147, 11753.33132, 288.91323
89, 11449.70723, 41520.31826, 12011.11618, 2977.95010
90, 11440.24476, 12606.32675, 11694.65002, 238.21387
91, 11401.80039, 12606.32675, 11675.83727, 192.68123
92, 11403.41789, 13647.17891, 11701.58193, 323.15328
93, 11347.50916, 13010.55834, 11692.21780, 300.63091
94, 11347.50916, 12648.81800, 11636.74673, 240.20944
95, 11295.45186, 63794.38957, 12170.03779, 5200.01909
96, 11320.88283, 49614.20707, 11953.38221, 3791.47805
97, 11260.76934, 12704.71510, 11552.64123, 257.49012
98, 11275.97854, 12444.47208, 11569.69643, 257.80991
99, 11275.97854, 13431.94183, 11524.25713, 299.76013
100, 11234.14302, 13724.06932, 11542.06033, 347.16747
101, 11200.00020, 12546.35735, 11504.21597, 270.24653
102, 11200.00020, 12789.27379, 11510.08213, 308.38401
103, 11151.58450, 218097.45579, 13522.11934, 20562.89006
104, 11151.58450, 16390.41342, 11484.91023, 565.86876
105, 11082.03607, 13447.02995, 11442.62715, 343.13923
106, 11063.07137, 12818.45071, 11416.63216, 342.78036
107, 11021.62608, 12233.16872, 11359.31271, 251.52858
108, 11014.23691, 87046.99681, 12258.03312, 7759.50846
109, 11021.62608, 12545.76613, 11216.95748, 204.03524
110, 10903.66195, 12191.93835, 11246.52817, 268.76207
111, 10962.65120, 222541.07925, 13386.70272, 21023.12926
112, 10808.07057, 160904.16511, 13289.16448, 15976.13405
113, 10864.67318, 12176.42063, 11210.03247, 284.92347
114, 10864.67318, 12681.72450, 11197.86609, 308.83469
115, 10772.64640, 56207.19449, 11568.41988, 4493.59596
116, 10772.64640, 11892.84842, 11081.11034, 234.38828
117, 10734.86300, 12498.91913, 11037.14780, 260.93656
118, 10734.86300, 11839.45423, 11020.14564, 248.34087
119, 10704.53068, 12458.55495, 11035.48587, 308.19599
120, 10701.94989, 12435.86437, 11033.84374, 294.47576
121, 10659.49064, 12030.33206, 10969.33705, 263.21629
122, 10580.74508, 12136.67537, 10950.04446, 254.05160
123, 10528.79096, 12715.14713, 10957.80013, 329.54398
124, 10528.79096, 12110.04147, 10900.18207, 309.47634
125, 10400.47492, 11863.31839, 10808.41384, 238.46689
126, 10309.97393, 22585.83661, 10899.53628, 1201.62217
127, 10309.97393, 12430.37351, 10786.21063, 343.79329
128, 10309.97393, 11988.68876, 10691.61030, 264.89055
129, 10274.77133, 11640.55769, 10636.40392, 278.34436
130, 10272.19054, 11567.91313, 10561.88282, 270.27536
131, 10272.19054, 11783.82472, 10528.44665, 256.57710
132, 10220.86269, 12019.47671, 10547.87236, 332.31454
133, 10220.86269, 11718.18632, 10532.12491, 273.53420
134, 10174.81124, 18961.11479, 10637.69354, 902.40231
135, 10174.81124, 32083.66617, 10761.67359, 2226.65321
136, 10131.73930, 11715.75651, 10478.50017, 311.46439
137, 9986.71263, 11899.78719, 10452.66607, 321.56738
138, 9984.54710, 12821.77975, 10413.65632, 390.48719
139, 9984.54710, 11625.14028, 10326.25974, 274.22798
140, 9984.54710, 58573.59903, 10792.40882, 4810.08160
141, 9869.55845, 11482.29341, 10307.36508, 326.60899
142, 9888.39033, 12255.86356, 10284.58261, 394.80067
143, 9907.34184, 35388.26061, 10477.54155, 2521.78844
144, 9823.70155, 11823.22492, 10184.01154, 320.80634
145, 9764.21252, 10926.17297, 10109.39112, 234.81855
146, 9744.51270, 11207.21008, 10091.00116, 265.71516
147, 9744.51270, 11183.60371, 10121.22238, 324.68366
148, 9744.51270, 11082.62896, 9974.96813, 228.64328
149, 9684.81816, 11473.49792, 9988.33738, 303.44124
150, 9648.35593, 11322.17782, 9997.50913, 315.88695
151, 9664.10729, 11242.98897, 9995.34976, 300.52343
152, 9626.32390, 10746.59041, 9913.65339, 232.81784
153, 9626.32390, 11516.47594, 9952.27695, 357.58889
154, 9559.24469, 11249.54412, 9886.13848, 307.31535
155, 9567.22612, 11411.42865, 9848.64389, 266.00075
156, 9567.22612, 11124.80017, 9867.43128, 317.67627
157, 9501.54348, 10945.02828, 9773.54257, 203.34347
158, 9528.01972, 11021.19440, 9778.91709, 267.06612
159, 9521.42583, 11811.55360, 9846.04791, 444.71783
160, 9529.40727, 11349.71443, 9844.45221, 417.24976
161, 9491.11927, 10904.50349, 9726.17828, 241.69050
162, 9394.20263, 11289.10373, 9746.86272, 329.42334
163, 9394.20263, 159580.30070, 11158.44218, 14918.63522
164, 9431.99573, 11059.08411, 9725.22129, 357.10062
165, 9423.12165, 10656.66034, 9631.14067, 246.44533
166, 9386.04728, 10834.33468, 9611.93786, 259.08427
167, 9354.99623, 91970.00882, 10518.55230, 8196.82414
168, 9354.99623, 182416.46731, 11341.64254, 17196.41817
169, 9307.39297, 10883.08135, 9633.41708, 306.34562
170, 9307.39297, 10403.65022, 9552.72291, 214.33199
171, 9208.94242, 76139.86204, 10212.18375, 6629.75649
172, 9208.94242, 130542.99620, 11186.50847, 12760.69973
173, 9208.94242, 10853.50796, 9568.76299, 316.02129
174, 9202.74372, 10726.29606, 9499.44969, 258.71837
175, 9199.56765, 69256.21138, 10281.67827, 6155.58215
176, 9199.56765, 10520.24653, 9456.22270, 292.69473
177, 9179.28608, 10898.86637, 9455.06180, 340.83044
178, 9179.28608, 64437.56574, 9964.45900, 5485.22178
179, 9161.33983, 62593.64151, 9987.11861, 5298.37434
180, 9161.33983, 10121.97965, 9369.27756, 237.71539
181, 9060.60085, 10868.92933, 9392.31509, 310.34462
182, 9060.60085, 10481.81432, 9365.62648, 263.69029
183, 9052.83581, 34870.29842, 9640.35543, 2557.20856
184, 9052.83581, 54896.68639, 9801.74729, 4542.10138
185, 9052.83581, 10060.94996, 9282.82653, 228.57599
186, 9044.42795, 68948.07025, 9878.04323, 5943.52004
187, 9043.81515, 11034.37185, 9269.21134, 299.11314
188, 8989.66107, 12747.72343, 9268.50313, 431.62526
189, 9039.77543, 10753.19196, 9250.69964, 301.49674
190, 9040.38822, 10173.10074, 9237.64306, 257.54485
191, 9023.79226, 158795.89288, 10785.94027, 14879.01644
192, 9023.79226, 184109.19826, 11079.46995, 17394.72054
193, 9007.61937, 10465.64143, 9267.34286, 326.74555
194, 8888.73091, 10397.11323, 9191.44646, 251.41060
195, 8888.73091, 178686.43381, 12463.47389, 23051.70507
196, 8888.73091, 104556.62341, 10094.93557, 9496.69869
197, 8851.92233, 9886.08519, 9129.16412, 209.87256
198, 8844.84387, 10799.30032, 9168.27851, 307.00884
199, 8671.11767, 10229.04597, 9152.96817, 304.80187
200, 8824.20818, 10330.56510, 9097.94863, 293.65700
201, 8732.99962, 76676.05912, 9744.19433, 6732.59666
202, 8600.45054, 10719.26270, 9073.64210, 345.19033
203, 8600.45054, 30630.68512, 9282.56211, 2174.60777
204, 8600.45054, 9989.97549, 9028.98547, 309.53092
205, 8535.94279, 41650.26145, 9320.50256, 3266.53696
206, 8493.69087, 9985.25686, 8872.93974, 279.20003
207, 8535.94279, 9947.41261, 8847.25127, 272.94953
208, 8531.01109, 10567.23585, 8849.61450, 359.69385
209, 8531.01109, 9694.91534, 8766.67094, 235.37121
210, 8493.69087, 9642.12198, 8727.07168, 227.00944
211, 8493.69087, 129787.46457, 9963.65034, 12047.54652
212, 8493.69087, 18807.09790, 8848.40412, 1049.64910
213, 8476.87851, 10155.96158, 8712.64605, 286.83221
214, 8493.69087, 10633.07839, 8724.15856, 328.81598
215, 8493.69087, 9866.99332, 8761.14247, 343.51715
216, 8493.69087, 56611.73051, 9171.02987, 4777.01726
217, 8488.75917, 10642.41342, 8762.03982, 350.56020
218, 8493.69087, 9800.66886, 8777.99080, 338.21188
219, 8474.72846, 9612.66332, 8721.74820, 260.44878
220, 8474.72846, 9794.58666, 8720.60244, 315.73763
221, 8474.72846, 22983.15537, 8918.03091, 1464.30175
222, 8474.72846, 18499.70811, 8843.54601, 1026.92843
223, 8474.72846, 10479.88451, 8794.11559, 373.72662
224, 8405.70808, 90491.01251, 9538.66940, 8140.99852
225, 8405.70808, 187961.77099, 10489.81603, 17839.36146
226, 8405.70808, 126573.99762, 9866.83446, 11733.79075
227, 8360.57213, 9956.96554, 8636.45173, 305.60607
228, 8360.57213, 55973.94240, 9068.52132, 4719.63564
229, 8360.57213, 40235.21847, 8968.03237, 3157.66491
230, 8332.61650, 9543.24117, 8623.99796, 300.39749
231, 8332.61650, 10132.21814, 8573.70745, 278.20710
232, 8332.61650, 9517.56474, 8604.48841, 308.41122
233, 8295.36032, 9960.63260, 8632.14122, 350.60156
234, 8295.36032, 10090.73644, 8576.97688, 349.68873
235, 8295.36032, 126208.66411, 9798.17744, 11705.61684
236, 8295.36032, 63758.61344, 9066.54797, 5504.48720
237, 8295.36032, 56478.18704, 9013.67780, 4782.65682
238, 8295.36032, 9758.63499, 8564.44582, 357.77239
239, 8295.36032, 9795.89117, 8524.96567, 339.53122
240, 8295.36032, 10186.64837, 8523.73600, 385.81339
241, 8295.36032, 9621.63055, 8424.38114, 251.60807
242, 8213.75301, 126906.92991, 9655.42622, 11788.10647
243, 8213.75301, 9758.63499, 8496.14816, 333.70221
244, 8213.75301, 10095.62935, 8527.27927, 391.30964
245, 8213.75301, 9758.63499, 8488.85286, 335.92934
246, 8213.75301, 9740.93139, 8423.57551, 275.50193
247, 8213.75301, 9738.06043, 8434.73021, 321.84148
248, 8213.75301, 9730.22146, 8447.32159, 335.69402
249, 8167.17664, 9331.38443, 8404.41088, 273.67738
250, 8167.17664, 9677.02768, 8438.46688, 340.88339
251, 8167.17664, 10344.10840, 8478.35759, 430.05376
252, 8156.54079, 9753.77532, 8404.65236, 327.80633
253, 8136.75101, 9531.44893, 8382.49066, 297.44457
254, 8167.17664, 9455.25124, 8380.56343, 294.59858
255, 8167.17664, 10580.89539, 8390.52351, 345.06018
256, 8113.99591, 102069.39345, 9371.21003, 9324.24925
257, 8113.99591, 120195.14524, 9572.38936, 11124.34997
258, 8069.63184, 9251.81399, 8316.48997, 234.25067
259, 8069.63184, 9936.19899, 8384.36542, 387.90675
260, 8069.63184, 9630.45131, 8328.41454, 319.86721
261, 8069.63184, 9270.98280, 8259.43899, 256.39357
262, 8036.92752, 9164.84886, 8289.19174, 268.14354
263, 8036.92752, 9198.36221, 8268.76082, 265.67268
264, 8036.92752, 9125.31968, 8246.77030, 239.69813
265, 8036.92752, 10036.24787, 8319.21075, 363.85925
266, 8019.64498, 10051.92406, 8293.94832, 321.33101
267, 8019.64498, 9893.44470, 8310.77531, 353.79405
268, 8019.64498, 92964.08329, 9221.34814, 8457.97259
269, 8019.64498, 9962.49343, 8267.76833, 363.08990
270, 8019.64498, 9091.98571, 8237.55791, 271.74029
271, 8019.64498, 18079.30990, 8307.79615, 1015.01099
272, 7998.18684, 26033.97093, 8426.71956, 1802.71081
273, 8019.64498, 9647.16842, 8230.02053, 280.31738
274, 8019.64498, 9907.12204, 8262.59815, 356.67710
275, 8019.64498, 9098.54559, 8177.10023, 235.62493
276, 8015.90557, 9294.85831, 8184.21209, 245.90868
277, 7998.55264, 9118.39030, 8160.54015, 234.80433
278, 8019.64498, 9624.47798, 8214.32445, 335.37333
279, 8019.64498, 9978.24191, 8271.43789, 389.22616
280, 8015.04360, 123572.52183, 9369.52695, 11481.91555
281, 8015.04360, 9907.64461, 8243.06185, 363.75211
282, 7999.43587, 9924.92204, 8216.46039, 304.28817
283, 7999.43587, 9624.47798, 8242.15679, 327.16670
284, 7983.00733, 9804.10019, 8166.88365, 284.43763
285, 7962.79822, 9720.32296, 8234.98772, 360.62394
286, 7962.79822, 9567.87653, 8185.18861, 294.16507
287, 7958.19684, 9198.34424, 8128.57973, 217.65215
288, 7958.19684, 9415.09054, 8169.84844, 296.60177
289, 7895.17864, 9910.12151, 8255.09437, 370.24059
290, 7874.96954, 9484.60988, 8188.62399, 292.20552
291, 7874.96954, 91213.18931, 8991.92954, 8269.35370
292, 7874.96954, 9584.94077, 8172.13844, 332.30646
293, 7858.33002, 39813.80239, 8408.79648, 3166.08837
294, 7870.36815, 29394.02934, 8344.90566, 2135.95707
295, 7849.51561, 155021.49375, 9630.97418, 14617.72123
296, 7849.51561, 9600.70395, 8113.18817, 320.14567
297, 7870.36815, 9849.42650, 8061.52458, 339.04253
298, 7724.74392, 29132.42224, 8297.50104, 2122.07545
299, 7866.41284, 9267.93114, 8056.00234, 297.49478
300, 7870.36815, 9285.09481, 8089.18373, 341.59638
301, 7870.36815, 97108.06626, 8973.59771, 8864.34694
302, 7870.36815, 9494.76238, 8088.44441, 319.83215
303, 7860.44300, 9143.98485, 8068.22736, 301.33444
304, 7860.44300, 9181.56104, 8080.88731, 338.59975
305, 7870.36815, 39272.77775, 8401.97080, 3117.62215
306, 7864.36815, 154456.88647, 9585.57631, 14565.33759
307, 7864.36815, 9632.57329, 8056.36621, 314.46552
308, 7822.56196, 128598.85424, 9298.86891, 11995.38398
309, 7864.36815, 9704.90887, 8048.32161, 323.98485
310, 7847.70487, 110888.75842, 9072.64037, 10236.69259
311, 7847.70487, 10103.92921, 8051.50501, 353.35318
312, 7847.70487, 9306.14715, 8084.21463, 320.61499
313, 7847.70487, 9587.56652, 8118.19619, 369.74126
314, 7847.70487, 9267.76630, 8037.97572, 278.99210
315, 7846.93751, 84762.81404, 9337.72623, 9281.37195
316, 7846.93751, 9504.59322, 8077.84998, 336.23658
317, 7846.93751, 18074.64185, 8207.77076, 1058.99712
318, 7846.93751, 9701.07942, 8128.51113, 384.78673
319, 7846.93751, 88512.05414, 9715.92117, 10447.73528
320, 7841.70487, 41178.69751, 8352.65727, 3308.82229
321, 7841.70487, 9234.00801, 8049.34363, 296.37923
322, 7827.90064, 148687.19267, 10147.69058, 15043.93276
323, 7840.93751, 14166.47729, 8172.81771, 728.59412
324, 7819.72460, 9005.11188, 8066.44238, 299.38059
325, 7840.93751, 9159.81945, 8008.05512, 267.13093
326, 7837.22098, 8867.27798, 8004.70320, 251.07815
327, 7747.07151, 9314.06493, 8012.53575, 246.45780
328, 7747.07151, 9505.03409, 8030.44271, 304.14816
329, 7747.07151, 9121.46891, 7996.95647, 256.41424
330, 7750.78804, 86790.52129, 8824.06057, 7840.61086
331, 7750.78804, 83275.04624, 8787.08841, 7492.77869
332, 7750.78804, 9724.55605, 8028.92141, 331.79473
333, 7747.07151, 9252.96733, 7996.27388, 306.76725
334, 7750.78804, 9527.51792, 8003.74247, 354.78322
335, 7748.63614, 9214.78203, 7929.95874, 263.97620
336, 7748.63614, 9417.85888, 7985.79667, 362.17162
337, 7748.63614, 14456.54349, 8091.33919, 742.36376
338, 7746.14329, 8970.19168, 7995.82803, 296.63478
339, 7746.14329, 9025.04359, 7931.61387, 254.90203
340, 7744.91961, 9011.36195, 7955.57137, 305.55662
341, 7744.91961, 9150.89761, 7907.27866, 251.78469
342, 7720.72296, 9028.15409, 7932.97202, 300.66595
343, 7744.91961, 60852.75444, 8502.88540, 5270.52674
344, 7744.91961, 9014.07832, 7992.13034, 329.12154
345, 7743.99138, 9031.52231, 7974.11434, 308.71068
346, 7734.90455, 9361.31725, 7998.26411, 401.18359
347, 7740.27485, 15217.35486, 8006.77107, 771.66390
348, 7740.27485, 9396.68399, 7975.11071, 336.91475
349, 7740.27485, 9201.59350, 7909.38001, 285.44902
350, 7740.27485, 9276.32788, 7926.62772, 300.21816
351, 7740.27485, 9597.75235, 7955.88542, 297.78076
352, 7740.27485, 8860.77723, 7941.79519, 259.86486
353, 7740.27485, 9481.74274, 8029.51095, 379.89603
354, 7735.70498, 49894.76160, 8342.78600, 4184.57587
355, 7735.70498, 14310.93827, 7964.11173, 681.43533
356, 7735.70498, 9531.12392, 7917.97425, 307.39834
357, 7702.68116, 8918.80108, 7888.65737, 267.37866
358, 7702.68116, 9575.77431, 7949.98457, 343.91918
359, 7699.43266, 8969.38814, 7880.22133, 246.28139
360, 7702.68116, 99677.17299, 8833.84153, 9134.46303
361, 7702.68116, 9226.41571, 7893.33985, 256.01614
362, 7699.43266, 9330.65099, 7939.09120, 331.04477
363, 7699.43266, 40913.71407, 8320.65453, 3296.99581
364, 7699.43266, 78717.73393, 9287.36593, 9428.05284
365, 7699.43266, 9191.18357, 7915.22523, 293.96252
366, 7692.78792, 9000.93161, 7900.99298, 295.75202
367, 7683.60713, 55299.36781, 8390.90582, 4723.31399
368, 7683.60713, 9398.91806, 7938.52080, 322.36991
369, 7683.60713, 9345.22186, 7989.81439, 361.58367
370, 7683.60713, 79699.91757, 8650.94159, 7148.24609
371, 7683.60713, 9073.40825, 7911.38051, 290.77434
372, 7683.60713, 8860.71482, 7887.96527, 288.05197
373, 7670.83268, 30750.20915, 8154.73658, 2301.61761
374, 7670.83268, 9090.39234, 7911.21596, 326.25241
375, 7655.00715, 8899.19230, 7868.63381, 253.09033
376, 7667.76662, 50061.16550, 8335.43838, 4209.79191
377, 7667.76662, 8973.98321, 7863.31665, 282.41594
378, 7655.00715, 9318.06475, 7838.14575, 294.23183
379, 7655.00715, 26477.69567, 8042.95467, 1875.44025
380, 7655.00715, 8822.24908, 7851.26546, 276.72920
381, 7655.00715, 8937.15906, 7865.52918, 296.03896
382, 7655.00715, 9021.83483, 7860.15936, 292.28385
383, 7650.82165, 8534.21924, 7804.52099, 218.43020
384, 7650.82165, 8995.20473, 7764.92956, 207.02182
385, 7650.82165, 8972.01648, 7888.26907, 311.42718
386, 7650.82165, 9543.30343, 7970.34915, 412.39624
387, 7650.82165, 8665.56450, 7856.08800, 262.24702
388, 7631.03301, 8819.01176, 7839.74209, 284.57611
389, 7631.03301, 8805.61842, 7794.06726, 228.22461
390, 7631.03301, 8868.27180, 7831.62595, 284.75256
391, 7631.03301, 9455.29545, 7830.82622, 313.23158
392, 7631.03301, 9094.55374, 7859.12653, 310.07159
393, 7611.60155, 167799.85939, 9418.56800, 15920.70548
394, 7611.60155, 118033.28480, 8951.99376, 10966.84511
395, 7611.60155, 8663.17519, 7783.50175, 226.61160
396, 7611.60155, 42224.54154, 8172.25740, 3434.90435
397, 7611.60155, 8912.82382, 7803.36561, 268.06739
398, 7611.60155, 24944.58768, 7945.48676, 1726.78832
399, 7611.60155, 8738.44686, 7793.04379, 249.50779
400, 7611.60155, 39418.43220, 8153.57143, 3187.50731
401, 7611.60155, 9720.20899, 7801.52567, 315.15432
402, 7611.60155, 9007.49571, 7829.24367, 318.07391
403, 7582.67859, 8990.19321, 7805.46841, 296.18099
404, 7582.04489, 8817.83059, 7842.09506, 327.06085
405, 7558.22750, 9262.69285, 7805.79927, 320.03266
406, 7558.22750, 10058.06523, 7809.98266, 354.02788
407, 7558.22750, 8822.85705, 7761.37189, 260.07167
408, 7558.22750, 8959.20262, 7776.66081, 266.71194
409, 7564.69216, 9199.50668, 7748.17577, 285.13593
410, 7535.13550, 8771.26689, 7788.37412, 311.86283
411, 7535.13550, 8830.03180, 7788.64771, 317.65630
412, 7535.13550, 8947.78385, 7800.76428, 303.46879
413, 7535.13550, 8773.75175, 7779.42149, 286.03796
414, 7535.13550, 8873.50842, 7751.97769, 264.74320
415, 7522.48225, 9042.45187, 7766.60008, 295.00454
416, 7522.48225, 86107.64469, 8530.40329, 7803.66502
417, 7515.37482, 8547.67742, 7686.82217, 229.37357
418, 7515.37482, 9047.22442, 7711.46592, 277.16891
419, 7515.37482, 9019.11740, 7754.60808, 303.49740
420, 7515.37482, 86883.65525, 8795.57422, 8276.27538
421, 7515.37482, 9614.75906, 7807.44607, 400.48381
422, 7494.09949, 9217.14429, 7762.39662, 337.99079
423, 7494.09949, 8517.21696, 7692.82015, 259.33169
424, 7494.09949, 8752.67544, 7743.50355, 322.13094
425, 7494.09949, 8845.84475, 7717.36135, 313.16078
426, 7484.43776, 9016.29126, 7696.03917, 286.53164
427, 7455.59142, 8864.74871, 7690.69482, 267.61415
428, 7448.93634, 23303.52096, 7922.38208, 1588.70703
429, 7448.93634, 27112.19072, 7900.83199, 1948.20561
430, 7448.93634, 9006.34508, 7669.80634, 290.57946
431, 7448.93634, 8583.04177, 7637.67217, 204.44002
432, 7350.08010, 8777.66043, 7678.42466, 292.40502
433, 7360.03415, 142522.08939, 10180.81094, 16113.84412
434, 7350.08010, 8752.31568, 7672.17045, 310.17254
435, 7350.08010, 9315.86968, 7716.23582, 404.75171
436, 7350.08010, 172157.07000, 10708.07406, 21194.27719
437, 7328.83220, 8357.36032, 7615.47381, 250.33961
438, 7255.77892, 8591.82065, 7646.42272, 333.54330
439, 7210.89279, 34848.81779, 7851.42227, 2727.44329
440, 7210.89279, 96522.89464, 8499.54488, 8855.90547
441, 7194.57597, 8842.33387, 7521.43735, 292.03561
442, 7194.57597, 75135.36372, 8179.47662, 6737.66670
443, 7194.57597, 8666.08115, 7524.84274, 314.95318
444, 7192.79345, 137055.80899, 8811.84012, 12893.58272
445, 7192.79345, 8461.86377, 7428.52205, 253.87092
446, 7192.79345, 9284.43059, 7423.73777, 358.94448
447, 7185.55512, 8887.53914, 7462.36722, 362.08400
448, 7185.55512, 54606.56830, 7862.57985, 4708.40972
449, 7185.55512, 28189.37554, 7559.45818, 2092.58254
450, 7185.55512, 8868.55025, 7374.79832, 295.68108
451, 7185.55512, 174202.10321, 10325.39601, 19075.85796
452, 7185.55512, 8411.90412, 7393.91079, 280.09834
453, 7185.55512, 107848.71690, 8373.43509, 10001.61815
454, 7185.55512, 142289.67243, 9361.46215, 14638.95730
455, 7126.07208, 8755.49581, 7429.95355, 368.72185
456, 7126.07208, 85022.89565, 8179.46795, 7730.74665
457, 7117.05122, 8539.99222, 7374.27815, 286.62978
458, 7116.36319, 142172.90642, 8765.25580, 13411.61295
459, 7116.36319, 9127.32333, 7457.02466, 350.16432
460, 7107.34234, 108725.43917, 8577.80850, 10139.67714
461, 7107.34234, 8362.66965, 7336.37233, 246.33009
462, 7117.05122, 173864.11516, 9119.77132, 16616.16418
463, 7117.05122, 8374.11683, 7314.12997, 265.09138
464, 7117.05122, 8403.30137, 7380.63254, 287.11185
465, 7116.36319, 8697.45842, 7359.75088, 328.69922
466, 7116.36319, 56387.16524, 7837.72050, 4890.07841
467, 7107.34234, 8224.15276, 7309.82016, 259.62555
468, 7117.05122, 9022.53586, 7365.34464, 377.32951
469, 7117.05122, 8571.19792, 7287.00697, 274.95672
470, 7117.05122, 8621.47368, 7291.92433, 314.00466
471, 7117.05122, 8475.01636, 7345.18258, 301.88198
472, 7117.05122, 120730.87594, 8645.14353, 11431.46974
473, 7117.05122, 30254.81304, 7576.60548, 2304.45491
474, 7117.05122, 126804.87252, 8497.70982, 11894.67944
475, 7117.05122, 8929.00583, 7314.88438, 341.66803
476, 7117.05122, 133848.06491, 8571.60796, 12594.34754
477, 7117.05122, 8699.70672, 7363.05275, 350.98838
478, 7111.05985, 8854.87870, 7317.22711, 306.27918
479, 7111.05985, 8621.47368, 7315.16429, 305.03738
480, 7091.41929, 9205.86610, 7327.21691, 346.04168
481, 7117.05122, 107772.32460, 8326.03089, 9999.46487
482, 7097.02741, 9006.51454, 7320.30333, 332.39653
483, 7097.02741, 8509.85060, 7349.42118, 299.63763
484, 7097.02741, 8846.15508, 7341.07747, 342.76535
485, 7097.02741, 106918.42943, 8315.08192, 9916.08436
486, 7097.02741, 8780.55934, 7331.64916, 363.20875
487, 7097.02741, 77694.31545, 8014.06549, 7011.26158
488, 7097.02741, 113185.81574, 8376.10743, 10539.23472
489, 7097.02741, 9400.78901, 7296.36128, 347.01173
490, 7097.02741, 8787.26093, 7238.94140, 304.01268
491, 7097.02741, 9337.38507, 7273.19659, 332.48151
492, 7097.02741, 8575.71227, 7335.46442, 340.26241
493, 7097.02741, 8648.13906, 7361.89236, 372.82420
494, 7097.02741, 158637.40286, 8892.22026, 15081.98707
495, 7090.93706, 9785.73806, 7270.52850, 330.31549
496, 7090.93706, 8473.80577, 7228.96831, 246.01819
497, 7090.93706, 8808.37951, 7304.09353, 313.27058
498, 7090.93706, 112659.16355, 8391.24937, 10485.08334
499, 7090.93706, 8184.50311, 7292.95713, 251.24702
500, 7072.75296, 8400.42003, 7310.30528, 304.27986
501, 7072.75296, 49032.41440, 7741.02336, 4167.17965
502, 7066.66261, 58693.30183, 7834.00761, 5121.31461
503, 7066.66261, 18598.85748, 7414.92767, 1173.75424
504, 7066.66261, 55492.30840, 7787.42969, 4809.92142
505, 7060.16309, 28227.05958, 7485.98750, 2105.39333
506, 7060.16309, 8328.44797, 7285.69341, 295.19310
507, 7066.66261, 8210.99390, 7237.73943, 261.85745
508, 7066.66261, 8223.59665, 7288.56238, 317.64209
509, 7066.66261, 8574.15613, 7196.45256, 243.90733
510, 7060.16309, 8172.32660, 7245.21436, 267.69038
511, 7002.76659, 8491.00621, 7275.95915, 299.59074
512, 7002.76659, 8251.48252, 7293.41217, 306.54071
513, 7002.76659, 94533.96169, 8166.78682, 8693.32790
514, 7002.76659, 17620.30593, 7361.99678, 1074.82256
515, 7002.76659, 75449.43747, 8005.79496, 6788.21848
516, 7002.76659, 64549.60144, 7814.01393, 5709.06394
517, 7002.76659, 8019.89004, 7232.02410, 237.68729
518, 7002.76659, 8815.02023, 7268.39630, 323.72465
519, 7002.76659, 8423.10656, 7255.62558, 291.32833
520, 6996.26707, 94533.96169, 8135.40814, 8689.18851
521, 6996.26707, 8768.38694, 7260.73587, 304.82253
522, 6993.05770, 8567.65661, 7216.90813, 281.41508
523, 6993.05770, 8537.39929, 7273.14994, 357.82419
524, 6993.05770, 104718.29775, 8244.04906, 9702.31257
525, 6993.05770, 51110.27335, 7660.79896, 4376.70266
526, 6986.55818, 131583.69031, 9532.59719, 16354.07847
527, 6986.55818, 21256.46335, 7400.20389, 1441.57516
528, 6986.55818, 8169.12282, 7175.93733, 256.72830
529, 6986.55818, 8503.76059, 7246.74475, 366.65351
530, 6986.55818, 8411.32420, 7229.38674, 333.66175
531, 6986.55818, 9202.09808, 7191.14563, 301.14148
532, 6986.55818, 8748.31972, 7218.17100, 329.16172
533, 6986.55818, 8063.77347, 7208.22115, 278.95149
534, 6986.55818, 8562.89583, 7264.23028, 358.56800
535, 6986.55818, 8793.08952, 7224.15194, 331.69344
536, 6986.55818, 8132.00432, 7159.97255, 255.69373
537, 6986.55818, 8494.05170, 7214.46011, 295.41816
538, 6986.55818, 8406.77732, 7233.17602, 316.97386
539, 6986.55818, 8445.19918, 7242.17289, 345.62486
540, 6986.55818, 8517.17610, 7188.06544, 283.10828
541, 6986.55818, 8608.19414, 7196.03710, 312.25863
542, 6986.55818, 10681.43665, 7262.01133, 466.89694
543, 6986.55818, 8532.70584, 7208.67583, 313.38969
544, 6986.55818, 8310.78028, 7169.42018, 269.58036
545, 6986.55818, 8818.33468, 7168.20855, 305.75798
546, 6982.55767, 9064.58592, 7160.73825, 346.67019
547, 6982.55767, 40888.11493, 7596.34205, 3369.66728
548, 6986.55818, 8299.25585, 7203.71809, 309.87618
549, 6986.55818, 8757.93859, 7179.02013, 308.66810
550, 6986.55818, 8813.33809, 7239.29586, 375.31642
551, 6986.55818, 8440.54525, 7182.50967, 287.46635
552, 6973.77365, 103984.57357, 8157.66476, 9635.57433
553, 6973.77365, 8808.17237, 7196.88821, 323.01898
554, 6973.77365, 107250.70261, 8175.99594, 9961.15254
555, 6973.77365, 8481.26718, 7164.05682, 300.41689
556, 6973.77365, 8494.05170, 7211.39325, 345.22954
557, 6973.77365, 8808.99404, 7208.74594, 351.80122
558, 6973.77365, 8029.88824, 7130.50508, 246.24469
559, 6972.99172, 8374.98613, 7137.89962, 267.59485
560, 6973.77365, 8735.83311, 7234.34845, 328.40383
561, 6973.77365, 8670.29256, 7178.22640, 346.57327
562, 6973.77365, 8149.18782, 7238.07790, 332.45245
563, 6973.77365, 25736.55592, 7367.46628, 1874.11448
564, 6973.77365, 115601.13234, 8285.04037, 10791.50151
565, 6973.77365, 93205.41063, 8062.31664, 8564.26224
566, 6973.77365, 8481.26718, 7203.79575, 326.19957
567, 6973.77365, 87376.21000, 7995.23965, 7982.86238
568, 6973.77365, 8029.88824, 7133.20138, 225.83521
569, 6973.77365, 8164.78684, 7160.81998, 291.61366
570, 6973.77365, 8529.09406, 7213.10993, 307.79697
571, 6973.77365, 8711.16799, 7199.82885, 366.23408
572, 6973.77365, 151694.20300, 8619.15494, 14383.86867
573, 6973.77365, 8720.27253, 7162.92364, 309.70461
574, 6957.73256, 17496.49801, 7306.80754, 1087.95190
575, 6922.82533, 8776.94308, 7166.81162, 330.09638
576, 6922.82533, 167384.80245, 8778.02648, 15943.42744
577, 6922.82533, 8685.80676, 7216.02123, 356.39089
578, 6922.82533, 8578.08359, 7221.91617, 372.78435
579, 6921.47789, 8002.05652, 7135.52979, 252.59343
580, 6870.52956, 14676.06269, 7223.23542, 799.50270
581, 6870.52956, 8264.31828, 7124.03326, 314.65607
582, 6870.52956, 7951.10819, 7083.55887, 235.72756
583, 6867.39393, 8385.38629, 7101.59191, 312.24302
584, 6870.52956, 33668.44975, 7349.56550, 2662.19134
585, 6854.48847, 8617.13149, 7128.71019, 392.00097
586, 6870.52956, 7993.48621, 7066.51938, 281.77416
587, 6867.56453, 8090.25614, 7056.91050, 256.35908
588, 6870.52956, 22441.77818, 7217.90074, 1556.90281
589, 6870.52956, 8108.79259, 7103.36861, 322.72165
590, 6870.52956, 8161.59070, 7089.08055, 305.78352
591, 6870.52956, 8832.16962, 7109.57453, 348.75777
592, 6870.52956, 15828.36548, 7143.70222, 920.77684
593, 6870.52956, 55448.16505, 7552.53896, 4821.93246
594, 6870.52956, 20757.09565, 7234.99131, 1390.32415
595, 6868.76438, 8281.25176, 7056.81777, 289.64660
596, 6843.74070, 8490.19220, 7077.16167, 339.79377
597, 6843.74070, 10936.84660, 7141.83049, 502.35236
598, 6856.69012, 62385.37670, 8499.61844, 7708.37343
599, 6856.69012, 8635.49383, 7168.38714, 375.22391
600, 6856.69012, 8785.27030, 7116.91170, 364.90746
601, 6856.69012, 8703.33039, 7103.15025, 366.76499
602, 6841.85482, 8951.96856, 7104.59322, 387.43971
603, 6841.85482, 8665.06969, 7065.49568, 349.37561
604, 6841.85482, 8348.09035, 7038.67465, 274.19802
605, 6841.85482, 46627.81437, 8040.23238, 5561.52936
606, 6841.85482, 159443.24113, 8649.61440, 15159.56798
607, 6831.38509, 8588.50619, 7112.39905, 364.17254
608, 6831.38509, 8049.33244, 7074.58038, 286.76795
609, 6831.38509, 8456.42278, 7082.21471, 365.49977
610, 6831.38509, 66893.07317, 7650.00172, 5962.35500
611, 6831.38509, 8799.27765, 7164.87512, 421.35915
612, 6831.38509, 8786.80327, 7112.55025, 353.34954
613, 6831.38509, 7968.78786, 7069.23684, 301.05515
614, 6831.38509, 8586.23402, 7069.90870, 331.63647
615, 6831.38509, 8756.54913, 7084.77906, 354.76358
616, 6831.38509, 8054.63607, 7062.98725, 299.34961
617, 6831.38509, 8626.78677, 7089.27650, 370.66619
618, 6761.51058, 8570.39432, 7049.86581, 310.17188
619, 6807.89485, 13476.11681, 7168.34720, 733.79558
620, 6807.89485, 8618.57650, 7057.83115, 336.25879
621, 6807.89485, 129908.60347, 8268.97313, 12229.66564
622, 6829.13131, 7759.27216, 7009.22706, 251.08716
623, 6830.92458, 8631.11953, 7105.21443, 372.75589
624, 6827.48534, 8768.43902, 7079.40771, 320.14756
625, 6827.48534, 8264.35659, 7041.60834, 320.27119
626, 6827.48534, 8737.01372, 7044.11964, 341.64716
627, 6827.48534, 8385.63168, 7026.69422, 314.73847
628, 6827.48534, 8116.70473, 7049.40472, 314.24394
629, 6799.72434, 167483.85147, 8629.14941, 15970.05810
630, 6825.23155, 167291.23307, 8654.41230, 15946.79936
631, 6825.23155, 7889.32134, 6993.06408, 251.76211
632, 6825.23155, 8546.47261, 7183.25233, 411.99613
633, 6825.23155, 20197.39592, 7167.51479, 1337.45019
634, 6825.23155, 8863.14858, 7092.34081, 378.43287
635, 6825.23155, 8365.78970, 7044.34649, 313.68547
636, 6825.23155, 8513.41469, 7061.77634, 345.93781
637, 6825.23155, 25376.26995, 7242.48053, 1853.49336
638, 6825.23155, 8428.99939, 6977.58329, 281.95942
639, 6824.09138, 8499.65706, 7010.33188, 301.87176
640, 6824.09138, 8408.39219, 7089.42055, 350.07791
641, 6766.89196, 8796.19459, 7047.92175, 337.04838
642, 6766.89196, 67996.07264, 7620.11940, 6074.19822
643, 6766.89196, 8627.10962, 7040.78390, 337.46052
644, 6766.89196, 35968.49965, 7319.95380, 2891.33122
645, 6766.89196, 59492.39358, 7548.75735, 5230.96869
646, 6733.49982, 8286.93161, 6972.19019, 279.80736
647, 6733.49982, 8063.44366, 7010.13013, 311.35063
648, 6733.49982, 8542.76328, 7012.30970, 352.27084
649, 6733.49982, 8240.37676, 6994.59296, 330.19243
650, 6733.49982, 166826.54117, 8584.96960, 15907.05748
651, 6733.49982, 8132.22690, 6937.63005, 277.71006
652, 6733.49982, 119550.32858, 8098.34532, 11206.22575
653, 6727.36006, 8271.51798, 6968.77285, 335.93183
654, 6727.36006, 21435.96197, 7128.51923, 1480.65332
655, 6727.36006, 9156.45574, 6991.20663, 410.70262
656, 6727.36006, 8462.96154, 6941.94984, 323.75589
657, 6727.36006, 8509.73588, 6928.37386, 350.52836
658, 6719.80904, 149442.49593, 8343.20121, 14184.26550
659, 6719.80904, 7750.20317, 6899.01375, 242.96589
660, 6719.80904, 7967.67012, 6841.45685, 205.84428
661, 6719.80904, 8421.54913, 6893.48209, 291.61990
662, 6715.37569, 8249.83074, 6939.22721, 316.78671
663, 6715.37569, 155238.80972, 8451.04604, 14756.66436
664, 6715.37569, 71804.08735, 7626.44264, 6460.03683
665, 6715.37569, 90948.65003, 8109.51658, 8632.63101
666, 6715.37569, 8243.60016, 7024.50253, 401.31061
667, 6715.37569, 7883.69384, 6945.35071, 269.64440
668, 6715.37569, 8299.60279, 6944.67821, 315.13192
669, 6715.37569, 8248.10683, 6945.60665, 369.30847
670, 6715.37569, 108457.83464, 7861.19796, 10113.36022
671, 6709.08209, 71804.08735, 7553.95025, 6463.09506
672, 6709.08209, 7846.91266, 6916.83449, 284.01269
673, 6709.08209, 92275.65391, 7798.93324, 8500.12502
674, 6709.08209, 8087.26735, 6956.25415, 341.65684
675, 6709.08209, 8131.17460, 6930.55040, 320.97717
676, 6709.08209, 22023.44041, 7085.86375, 1527.34010
677, 6709.08209, 7994.87896, 6867.55854, 250.62270
678, 6709.08209, 7998.56713, 6889.98177, 305.22500
679, 6709.08209, 95185.45279, 7796.45104, 8789.09144
680, 6709.08209, 8373.36690, 6945.36086, 389.25464
681, 6706.33346, 7673.13273, 6856.11859, 217.34470
682, 6706.33346, 137384.78482, 8207.67018, 12986.24593
683, 6706.33346, 9083.79022, 6948.30569, 397.41245
684, 6706.33346, 8394.31836, 6998.02676, 388.72395
685, 6706.33346, 53316.29540, 7478.52664, 4620.68720
686, 6706.33346, 7900.31146, 6972.50628, 304.43889
687, 6706.33346, 9588.04588, 6985.30815, 491.72400
688, 6706.33346, 91628.12983, 8127.50278, 8803.73042
689, 6687.84563, 8047.55516, 6926.77268, 318.50468
690, 6687.84563, 112494.54837, 8028.84934, 10506.37657
691, 6687.84563, 7966.43702, 6924.27718, 295.21174
692, 6706.33346, 8645.56751, 6994.67352, 403.87729
693, 6706.33346, 9686.67020, 6944.27300, 458.32725
694, 6706.33346, 92465.86468, 7786.31959, 8521.40576
695, 6706.33346, 8101.99575, 6929.43594, 342.67205
696, 6697.81383, 143393.35176, 8235.83409, 13586.78836
697, 6697.81383, 91430.36373, 7775.22162, 8414.27628
698, 6697.81383, 8070.85322, 6903.61331, 309.17119
699, 6697.81383, 7774.80295, 6830.17619, 213.15004
700, 6697.81383, 112613.84713, 8211.16100, 10877.50844
701, 6697.81383, 35744.63259, 7124.93138, 2884.97892
702, 6697.81383, 8304.57697, 6907.39435, 311.24262
703, 6697.81383, 8131.19815, 6894.54378, 322.60877
704, 6697.81383, 104115.05874, 8582.22271, 10939.68682
705, 6697.81383, 8272.77387, 6952.27163, 348.21143
706, 6689.01106, 8362.60259, 6971.87189, 390.88627
707, 6689.01106, 8542.08211, 6900.11894, 345.04533
708, 6689.01106, 8537.02211, 6917.94403, 349.64680
709, 6689.01106, 11943.55235, 6999.99152, 613.47845
710, 6689.01106, 8782.24118, 6928.65808, 348.50857
711, 6689.01106, 8085.00762, 6883.14697, 284.94305
712, 6689.01106, 141033.07202, 8209.75971, 13352.51723
713, 6689.01106, 121986.12194, 8015.69678, 11457.72139
714, 6689.01106, 108512.08887, 8722.19561, 12995.67686
715, 6689.01106, 7956.47570, 6902.14275, 319.61117
716, 6689.01106, 8337.13219, 6893.22532, 298.01252
717, 6689.01106, 7965.34732, 6866.58352, 307.26949
718, 6689.01106, 8544.19267, 6911.31998, 381.47884
719, 6667.20026, 8027.48412, 6870.14700, 236.98172
720, 6667.20026, 82001.06865, 7653.05887, 7480.88007
721, 6667.20026, 8472.91216, 6938.36538, 339.87657
722, 6667.20026, 8227.96860, 6958.53634, 346.16892
723, 6667.20026, 8112.30316, 6906.20636, 303.59711
724, 6667.20026, 25583.54981, 7087.22353, 1883.56766
725, 6667.20026, 8329.11238, 6929.11313, 350.11825
726, 6667.20026, 159189.04098, 8796.54514, 15584.98244
727, 6667.20026, 8350.25408, 6899.71853, 352.40223
728, 6667.20026, 19990.80214, 7062.04383, 1349.15022
729, 6667.20026, 128453.76088, 8136.85996, 12097.28494
730, 6667.20026, 34687.22148, 7198.17892, 2787.82084
731, 6667.20026, 53340.11319, 7342.54103, 4632.84599
732, 6621.26659, 149477.97765, 8349.97820, 14189.12305
733, 6621.26659, 7818.11034, 6864.33389, 273.94952
734, 6621.26659, 89349.71289, 7754.88514, 8210.54205
735, 6621.26659, 8019.45038, 6906.27652, 311.18595
736, 6621.26659, 8225.31217, 6895.18549, 331.90873
737, 6621.26659, 8036.83287, 6879.86069, 299.05275
738, 6621.26659, 8048.81525, 6866.28831, 336.97915
739, 6621.26659, 28847.78234, 7063.50056, 2209.13069
740, 6621.26659, 7728.19865, 6842.91290, 307.02861
741, 6621.26659, 8001.44116, 6863.44891, 352.95452
742, 6621.26659, 7861.41385, 6798.92123, 262.27093
743, 6621.26659, 98440.40657, 7760.07489, 9120.29822
744, 6621.26659, 8410.73550, 6900.63731, 373.74924
745, 6591.77595, 10735.70768, 6967.64252, 578.95862
746, 6591.77595, 7865.22820, 6842.22262, 292.68368
747, 6591.77595, 8462.73951, 6906.98548, 403.43848
748, 6591.77595, 8476.44305, 6859.75021, 333.90769
749, 6591.77595, 8513.74895, 6856.39442, 376.80552
750, 6591.77595, 8246.94498, 6829.61075, 314.14015
751, 6591.77595, 114264.21171, 7885.75311, 10695.85827
752, 6591.77595, 21194.80375, 6984.40099, 1488.78435
753, 6591.77595, 8044.55870, 6793.38414, 293.01462
754, 6590.97696, 8038.71191, 6809.60818, 313.24999
755, 6590.97696, 8015.06806, 6812.28989, 317.29649
756, 6590.97696, 49796.13961, 7682.93341, 5369.54099
757, 6590.97696, 8147.63513, 6782.03342, 308.09817
758, 6590.97696, 8500.36716, 6820.73695, 329.38602
759, 6590.97696, 7953.14396, 6845.98285, 343.23597
760, 6590.97696, 22744.57331, 6944.60469, 1612.49822
761, 6590.97696, 8165.25042, 6845.46635, 384.08896
762, 6590.97696, 8362.15810, 6864.46685, 376.70633
763, 6590.97696, 8502.79368, 6873.86558, 415.22422
764, 6560.09842, 8234.47007, 6836.95356, 325.38609
765, 6560.09842, 8321.26867, 6825.74192, 340.47512
766, 6560.09842, 8518.40911, 6856.56377, 362.96572
767, 6560.09842, 8378.95609, 6841.00408, 341.96845
768, 6560.09842, 8378.88856, 6805.07762, 343.91229
769, 6560.09842, 28686.40094, 7046.40570, 2206.41961
770, 6560.09842, 7960.60958, 6756.81603, 280.13432
771, 6560.09842, 36719.91283, 7102.47278, 2997.54748
772, 6560.09842, 7983.39053, 6823.54408, 384.27006
773, 6560.09842, 8450.80165, 6816.60305, 396.99496
774, 6560.09842, 7774.77247, 6762.33677, 274.00346
775, 6560.09842, 21965.57929, 6919.67713, 1538.90474
776, 6560.09842, 28710.42182, 6986.37041, 2203.51434
777, 6560.09842, 8089.54044, 6823.53985, 372.57557
778, 6560.09842, 8833.57709, 6768.89178, 332.37146
779, 6560.09842, 8322.70010, 6845.86487, 397.42391
780, 6560.09842, 7974.30792, 6830.74394, 391.33176
781, 6560.09842, 7567.75916, 6746.84022, 260.34395
782, 6560.09842, 7983.39053, 6778.76114, 305.74325
783, 6560.09842, 8537.60451, 6834.38446, 355.39067
784, 6560.09842, 8498.71911, 6776.80844, 323.15571
785, 6560.09842, 8150.22138, 6767.10298, 337.42043
786, 6560.09842, 8465.51051, 6780.36622, 339.80016
787, 6534.09842, 47099.68772, 7136.20866, 4026.28171
788, 6534.09842, 7983.39053, 6758.46915, 305.09509
789, 6534.09842, 8128.37040, 6793.67970, 354.65579
790, 6534.09842, 8084.23685, 6820.40111, 353.87333
791, 6534.09842, 8333.02662, 6833.99433, 384.00900
792, 6534.09842, 8040.85358, 6764.63108, 309.54595
793, 6534.09842, 7981.74828, 6734.56617, 311.11971
794, 6534.09842, 158622.97254, 8701.41293, 15600.64060
795, 6534.09842, 25312.22589, 7040.19597, 1880.07022
796, 6534.09842, 8671.76510, 6770.10967, 346.67765
797, 6528.09842, 9244.27459, 6748.35776, 361.02448
798, 6534.09842, 8690.91191, 6768.48447, 348.43749
799, 6528.09842, 82194.46902, 7508.53570, 7512.88910
800, 6528.09842, 8207.31586, 6762.58674, 346.92265
801, 6528.09842, 8201.65498, 6817.25726, 394.12527
802, 6528.09842, 7784.35757, 6736.87589, 287.07165
803, 6528.09842, 128421.59693, 8707.55044, 14087.47455
804, 6528.09842, 38143.89367, 7119.28426, 3137.73118
805, 6514.78547, 8096.69711, 6785.35025, 355.64121
806, 6514.78547, 9426.91422, 6810.43295, 449.24153
807, 6514.78547, 134581.01492, 8031.62709, 12723.33779
808, 6514.78547, 7951.39053, 6741.93083, 337.95012
809, 6514.78547, 28668.01951, 7079.11227, 2415.25008
810, 6514.78547, 7951.39053, 6735.98238, 332.48209
811, 6514.78547, 38043.46713, 7110.44819, 3182.80008
812, 6514.78547, 11323.22058, 6801.53063, 567.29673
813, 6514.78547, 8017.02337, 6752.91810, 340.81470
814, 6514.78547, 8320.69196, 6718.96121, 333.80790
815, 6514.78547, 8086.08514, 6736.55651, 313.42575
816, 6514.78547, 8155.06492, 6734.68701, 337.01285
817, 6514.78547, 7856.88975, 6703.21226, 284.16029
818, 6514.78547, 8980.78859, 6686.33771, 335.30720
819, 6514.78547, 159340.46908, 8211.79711, 15190.96432
820, 6514.78547, 8174.43624, 6740.34280, 341.61652
821, 6508.98643, 8443.36565, 6771.03098, 382.07646
822, 6508.98643, 8014.86826, 6723.99707, 305.05465
823, 6508.98643, 7846.46187, 6750.64669, 346.13024
824, 6508.98643, 7884.41808, 6702.01129, 306.88307
825, 6508.98643, 8359.28974, 6763.99985, 367.83925
826, 6508.98643, 8097.04776, 6761.24661, 360.83737
827, 6508.98643, 7808.38448, 6796.35566, 362.65385
828, 6508.98643, 8129.58415, 6823.46399, 387.63894
829, 6508.98643, 8078.98828, 6689.54954, 286.13549
830, 6505.83881, 7880.97968, 6682.98487, 291.83885
831, 6508.98643, 82586.22105, 7482.71858, 7554.68185
832, 6508.98643, 8230.45151, 6717.37951, 327.65459
833, 6508.98643, 7632.99292, 6711.75207, 270.80299
834, 6508.98643, 8320.28294, 6749.71024, 345.97654
835, 6508.98643, 8088.48758, 6734.82027, 321.27145
836, 6508.98643, 9034.28285, 6715.41052, 394.06110
837, 6508.98643, 7942.37074, 6689.90936, 288.60089
838, 6508.98643, 8149.01348, 6716.71919, 306.78625
839, 6508.98643, 7964.55585, 6729.54958, 344.94081
840, 6508.98643, 7646.27993, 6677.09085, 269.28132
841, 6508.98643, 7989.74159, 6744.29187, 340.25435
842, 6508.98643, 7972.40039, 6726.18363, 361.35109
843, 6508.98643, 7881.61059, 6714.47497, 326.77185
844, 6508.98643, 7839.10596, 6733.81904, 345.70375
845, 6508.88716, 8239.70944, 6795.08768, 369.37506
846, 6508.88716, 7845.38419, 6706.44246, 308.59431
847, 6508.88716, 11304.00932, 6791.75932, 558.74616
848, 6508.88716, 8800.65196, 6784.55268, 395.66129
849, 6508.88716, 140301.57975, 8064.32896, 13293.78524
850, 6508.88716, 147257.14495, 8122.64231, 13986.44685
851, 6508.88716, 153932.44343, 8206.65017, 14648.87137
852, 6508.88716, 76188.61798, 7440.47568, 6919.67568
853, 6508.88716, 12706.00359, 6782.71854, 699.20517
854, 6508.88716, 7632.89365, 6741.34194, 295.21629
855, 6508.88716, 7875.08136, 6738.74737, 297.42358
856, 6508.88716, 7735.51655, 6732.16003, 311.92843
857, 6508.88716, 8099.59812, 6689.94544, 301.97025
858, 6508.88716, 7968.33354, 6716.51404, 309.99806
859, 6508.88716, 24338.08694, 6916.15228, 1779.47326
860, 6505.40187, 7668.58375, 6684.89049, 266.04106
861, 6505.40187, 7887.32757, 6694.91955, 289.63849
862, 6505.40187, 8496.73756, 6749.37555, 385.42112
863, 6505.40187, 50085.29022, 7254.92832, 4370.25508
864, 6505.40187, 160463.43736, 8728.08157, 15898.25513
865, 6505.40187, 7726.31707, 6718.64905, 315.54547
866, 6505.40187, 34622.89473, 6996.12999, 2792.90504
867, 6505.40187, 7871.59608, 6791.13508, 360.53352
868, 6505.40187, 147842.91374, 8276.25851, 14108.25865
869, 6505.40187, 132034.14455, 7944.29099, 12474.64247
870, 6505.40187, 7957.50991, 6676.58381, 272.20855
871, 6505.40187, 7973.08858, 6656.88164, 254.94764
872, 6505.40187, 8094.36037, 6694.70231, 324.82082
873, 6505.40187, 8047.57005, 6653.07096, 273.26634
874, 6505.40187, 7847.08188, 6728.64569, 311.05037
875, 6505.40187, 73775.01506, 7400.46450, 6680.59964
876, 6505.40187, 8387.15065, 6728.35535, 343.39710
877, 6505.40187, 8173.83870, 6789.53163, 362.67970
878, 6505.40187, 10653.53003, 6816.89791, 550.85717
879, 6505.40187, 86286.20082, 7566.86822, 7919.50073
880, 6505.40187, 56624.84584, 7197.86567, 4979.95148
881, 6505.40187, 89922.72027, 7507.38891, 8287.84106
882, 6505.40187, 8005.85491, 6731.53242, 323.56833
883, 6500.54956, 7918.94001, 6781.56229, 352.50513
884, 6500.54956, 51752.89426, 7206.29708, 4491.01316
885, 6500.54956, 7873.45544, 6749.47495, 347.60424
886, 6500.54956, 51752.89426, 7212.63811, 4489.24276
887, 6500.54956, 7708.94409, 6706.55394, 264.74763
888, 6500.54956, 7903.81820, 6724.97000, 315.62387
889, 6500.54956, 7973.08858, 6691.30121, 290.99399
890, 6500.54956, 7752.87012, 6674.31620, 313.89098
891, 6500.54956, 7778.03286, 6709.74590, 318.12814
892, 6500.54956, 56074.12986, 7203.76615, 4923.03615
893, 6500.54956, 26547.20486, 6964.85000, 1999.36626
894, 6500.54956, 8782.44553, 6720.39245, 367.43738
895, 6500.54956, 138139.57057, 8465.85156, 13441.57002
896, 6500.54956, 8699.31947, 6736.05989, 358.17274
897, 6500.54956, 7952.80667, 6678.17654, 285.06590
898, 6500.54956, 8256.71840, 6731.73708, 332.45057
899, 6500.54956, 8369.92512, 6723.88308, 355.83018
900, 6500.54956, 8089.47978, 6674.46994, 286.10241
901, 6500.54956, 7822.08941, 6669.26864, 256.81345
902, 6500.54956, 24329.74935, 6892.36361, 1785.37916
903, 6500.54956, 7829.25662, 6646.67039, 258.06862
904, 6500.54956, 7966.38704, 6712.55929, 345.60407
905, 6500.54956, 8075.63521, 6703.98997, 351.78740
906, 6500.54956, 41292.45708, 7020.60614, 3453.43844
907, 6500.54956, 7950.49011, 6747.68556, 339.69126
908, 6500.54956, 131216.54681, 7968.88693, 12390.75349
909, 6500.54956, 7624.55606, 6738.58146, 319.81158
910, 6500.54956, 8633.63922, 6760.13235, 380.71652
911, 6500.54956, 8085.94962, 6755.13911, 332.51854
912, 6500.54956, 7743.82267, 6689.21686, 277.10043
913, 6500.54956, 8112.86268, 6727.89662, 326.60058
914, 6500.54956, 7963.05438, 6736.06715, 318.25452
915, 6500.54956, 60154.21391, 7292.65602, 5324.33456
916, 6500.54956, 8192.77070, 6742.40269, 367.36421
917, 6486.46413, 8398.09044, 6741.36885, 375.91068
918, 6486.46413, 8709.99911, 6768.88738, 362.71361
919, 6486.46413, 163398.25826, 8311.53983, 15596.40925
920, 6486.46413, 8179.12621, 6739.59351, 371.41581
921, 6486.46413, 7651.13213, 6703.87669, 294.16094
922, 6486.46413, 8738.07788, 6741.21367, 377.99126
923, 6486.46413, 8151.49158, 6703.12609, 301.63734
924, 6486.46413, 8158.30060, 6737.68347, 331.60798
925, 6486.46413, 7707.23148, 6708.65487, 293.71418
926, 6486.46413, 8287.96921, 6606.79038, 278.31852
927, 6486.46413, 7705.30813, 6648.00467, 247.04988
928, 6486.46413, 7852.65834, 6659.92210, 296.56123
929, 6486.46413, 8175.88741, 6675.60159, 322.21407
930, 6486.46413, 8249.36636, 6693.96953, 295.64552
931, 6486.46413, 8213.75118, 6719.59265, 318.89014
932, 6486.46413, 8077.57404, 6710.30395, 344.31114
933, 6486.46413, 7788.18233, 6699.57611, 295.65660
934, 6486.46413, 106885.90628, 7639.36670, 9978.29209
935, 6486.46413, 7767.49799, 6676.77231, 279.22765
936, 6486.46413, 7932.89130, 6678.68094, 317.86943
937, 6486.46413, 39778.28874, 7055.33392, 3309.80111
938, 6486.46413, 8558.68404, 6737.63378, 379.88828
939, 6486.46413, 8263.66472, 6732.58489, 415.07136
940, 6486.46413, 36698.78122, 7001.09837, 3007.73499
941, 6486.46413, 35443.38140, 6977.88719, 2878.86738
942, 6486.46413, 7816.87566, 6695.12914, 314.21620
943, 6472.57128, 75352.28426, 7592.13656, 7089.18595
944, 6472.57128, 8014.38176, 6688.06091, 323.45102
945, 6472.57128, 8082.27077, 6675.20053, 324.86218
946, 6472.57128, 8392.09276, 6724.34729, 397.43581
947, 6472.57128, 8900.77867, 6697.27546, 334.53493
948, 6472.57128, 7865.69884, 6707.04475, 275.60521
949, 6472.57128, 7848.69706, 6715.46408, 307.76761
950, 6472.57128, 7852.65834, 6712.39970, 329.22614
951, 6472.57128, 9391.81162, 6714.41808, 428.52065
952, 6472.57128, 46425.49157, 7098.56184, 3963.73048
953, 6472.57128, 55434.42875, 7181.78002, 4858.21997
954, 6472.57128, 7696.01056, 6651.20112, 261.38058
955, 6472.57128, 7994.00084, 6659.38816, 287.55608
956, 6462.11019, 7758.60087, 6669.76769, 331.43571
957, 6462.11019, 7752.64882, 6668.85183, 285.38810
958, 6462.11019, 8061.92377, 6703.95533, 350.98030
959, 6462.11019, 20733.01650, 6847.08735, 1444.94487
960, 6462.11019, 24737.58983, 6810.86690, 1825.67783
961, 6462.11019, 165282.40801, 8297.99434, 15780.95987
962, 6462.11019, 56822.58302, 7196.84792, 4996.20123
963, 6462.11019, 7586.11668, 6647.06597, 270.92302
964, 6462.11019, 8080.47565, 6671.67938, 324.91713
965, 6462.11019, 7841.00940, 6674.68711, 320.23161
966, 6462.11019, 135351.48662, 8256.16901, 13015.98838
967, 6462.11019, 86425.80241, 7491.70668, 7937.89333
968, 6462.11019, 7625.30501, 6709.71046, 307.50555
969, 6462.11019, 7586.11668, 6633.03029, 258.73237
970, 6462.11019, 7991.43280, 6662.97270, 346.77128
971, 6462.11019, 34593.92210, 6966.49138, 2795.79954
972, 6462.11019, 8291.06193, 6741.36437, 353.94649
973, 6462.11019, 8293.77468, 6670.79086, 341.75018
974, 6462.11019, 7882.04376, 6699.97523, 377.33844
975, 6462.11019, 125581.56242, 7879.86787, 11835.05349
976, 6462.11019, 7668.79899, 6640.24986, 276.36820
977, 6462.11019, 8367.73882, 6660.13824, 364.77668
978, 6462.11019, 128762.97430, 8027.60636, 12185.53324
979, 6462.11019, 8020.27454, 6716.73137, 364.16146
980, 6462.11019, 26019.81505, 6865.91717, 1958.25070
981, 6462.11019, 154641.55812, 8109.35698, 14730.00303
982, 6462.11019, 7955.14728, 6685.64542, 311.88015
983, 6462.11019, 7716.72130, 6688.25705, 267.76519
984, 6462.11019, 8075.01381, 6756.06178, 364.98575
985, 6462.11019, 31703.70896, 7002.19910, 2511.02759
986, 6462.11019, 8168.57951, 6726.50976, 348.26803
987, 6462.11019, 13387.52738, 6775.99855, 735.20723
988, 6462.11019, 7926.16753, 6726.99696, 329.65299
989, 6462.11019, 26150.06180, 6886.47229, 1959.27851
990, 6462.11019, 8147.34646, 6691.32418, 308.97381
991, 6462.11019, 7612.39381, 6658.41210, 293.55232
992, 6462.11019, 8412.69147, 6656.40619, 324.12792
993, 6462.11019, 7586.11668, 6649.55502, 280.68408
994, 6458.96257, 123944.39749, 7839.14375, 11673.91917
995, 6458.96257, 8888.03298, 6688.72275, 377.34349
996, 6462.11019, 165726.14337, 8321.11193, 15825.00602
997, 6462.11019, 8105.42606, 6719.32560, 382.56771
998, 6462.11019, 8105.71325, 6650.87349, 302.80022
999, 6462.11019, 101341.60425, 7622.85749, 9423.79871
