instance=HRC102, CXPB1=0.5, MUTPB1=0.2, MUTPB2=0.2
Algorithm took 23.72s

gen, min, max, mean, std
0, 19160.16203, 287328.93079, 29635.49177, 34441.96279
1, 18227.93705, 241301.69855, 28109.10396, 33476.80552
2, 17528.67599, 218752.57855, 25581.02458, 27584.49158
3, 16829.40972, 235175.92920, 27519.43436, 33032.19405
4, 16829.40972, 268623.25287, 23882.80948, 31062.05603
5, 16829.40972, 233763.84361, 26356.88996, 35417.51479
6, 16829.40972, 86716.79669, 20507.70337, 9478.28117
7, 16466.07044, 174480.30616, 20307.09490, 17043.25722
8, 16223.31271, 55431.13160, 18126.49077, 3844.16503
9, 16223.31271, 18830.87620, 17282.04078, 529.53062
10, 16122.01599, 18466.81210, 17035.11622, 548.41784
11, 15765.71264, 237508.04444, 19049.26744, 21961.38560
12, 15765.71264, 18605.86586, 16742.66375, 546.86670
13, 15600.58465, 269301.07210, 22341.32741, 34035.56243
14, 15491.53609, 18086.44605, 16445.06891, 563.91553
15, 15457.10302, 17567.84224, 16341.63380, 430.20657
16, 15261.64890, 18191.69590, 16194.99143, 529.17709
17, 15261.64890, 153897.54959, 18501.07815, 17089.88839
18, 14917.83721, 223941.92467, 18807.72128, 22353.77107
19, 14880.76385, 141543.87219, 18094.42672, 16835.05670
20, 14560.90988, 16549.28841, 15529.69002, 417.92659
21, 14419.47283, 86656.50354, 16051.56314, 7109.86647
22, 14295.71043, 16659.68167, 15153.96950, 444.89486
23, 14178.22852, 17281.52430, 14963.82838, 453.60602
24, 14195.09105, 15895.90151, 14824.79800, 374.10166
25, 13907.50341, 16048.87553, 14642.61072, 378.44793
26, 13689.55291, 15376.50854, 14489.61180, 343.88195
27, 13637.07931, 15609.87348, 14429.81896, 401.06591
28, 13406.68148, 15451.66121, 14262.75203, 393.21892
29, 13305.24827, 15474.37174, 14098.66332, 374.00293
30, 13305.24827, 14914.46382, 13956.51899, 344.49443
31, 13084.00511, 251790.94794, 16200.13785, 23679.96099
32, 12860.37320, 14987.65627, 13710.09274, 387.06362
33, 12860.37320, 38777.87832, 13828.45187, 2529.99709
34, 12787.22074, 162854.29282, 14902.18153, 14872.57143
35, 12723.70594, 15226.10758, 13364.58303, 426.53498
36, 12751.82232, 147390.66185, 14580.26178, 13351.92109
37, 12618.40736, 14550.57577, 13163.84375, 346.27434
38, 12566.78340, 15382.52675, 13154.90072, 440.79350
39, 12566.78340, 46748.14408, 13385.20610, 3375.33428
40, 12490.98554, 174466.55409, 14522.18511, 16077.35627
41, 12453.98287, 257833.92007, 22248.45606, 39583.35441
42, 12318.93395, 177502.57966, 23109.02574, 38407.17434
43, 12184.57732, 181952.25919, 30690.02046, 50590.98209
44, 12100.90174, 178548.37155, 22461.85507, 37998.78913
45, 12032.78942, 215458.19978, 24460.53096, 42496.93635
46, 12046.94092, 177150.02145, 22246.51551, 37843.87382
47, 12046.94092, 171516.38720, 17328.48796, 26547.42096
48, 12046.94092, 118671.22920, 13680.92906, 10557.18642
49, 11972.77450, 13684.10142, 12593.87955, 376.70101
50, 11963.73113, 13767.23107, 12449.11206, 348.63426
51, 11922.60350, 13521.99883, 12325.50513, 281.89711
52, 11834.17214, 13271.59889, 12289.67348, 305.11603
53, 11864.59395, 161551.03142, 13721.52975, 14859.71397
54, 11796.43625, 220788.79533, 14297.99512, 20755.22005
55, 11741.94564, 13396.05058, 12194.34702, 346.06138
56, 11695.87389, 13741.70533, 12092.96895, 312.32066
57, 11695.87389, 13079.33414, 12052.52397, 300.86235
58, 11542.89264, 12739.79558, 11967.40415, 248.51216
59, 11562.36854, 12765.12728, 11925.12472, 238.30958
60, 11562.36854, 13094.07382, 11962.80638, 362.21616
61, 11483.58556, 40572.33889, 12176.32974, 2865.50347
62, 11483.58556, 85619.51191, 12606.65339, 7342.60434
63, 11483.58556, 138197.56619, 13084.05180, 12577.83418
64, 11483.58556, 12482.74024, 11772.58685, 226.28702
65, 11445.99270, 100921.71757, 12650.98545, 8875.16179
66, 11361.59398, 12939.06234, 11753.16607, 323.72150
67, 11314.53261, 13095.43087, 11716.56226, 339.57968
68, 11284.83779, 12498.87750, 11630.91438, 258.07285
69, 11314.53261, 12560.86843, 11584.59313, 253.50487
70, 11310.75120, 12554.63040, 11563.87341, 251.16940
71, 11294.22001, 12511.57264, 11543.87265, 270.41426
72, 11173.86241, 12589.52575, 11524.05293, 273.17331
73, 11213.37085, 169410.94977, 13030.09621, 15719.00560
74, 11201.08247, 12184.40086, 11428.06147, 222.57410
75, 11149.76839, 12536.29065, 11440.43062, 269.94719
76, 11055.52097, 36502.59537, 11648.22504, 2510.51632
77, 11055.52097, 55463.46898, 12069.61823, 5031.81256
78, 11069.18964, 12831.50967, 11389.13404, 303.36406
79, 11059.31919, 12113.52144, 11300.75787, 212.88574
80, 11053.66763, 122165.34340, 12365.17118, 11038.04228
81, 10830.22524, 11905.56753, 11214.26355, 207.98757
82, 10830.22524, 11945.27265, 11193.19384, 183.30139
83, 10794.44337, 12245.47921, 11204.90003, 249.21664
84, 10774.23348, 39158.45171, 11453.87995, 2794.23069
85, 10751.98451, 12329.91940, 11141.96979, 279.74082
86, 10751.98451, 12151.54683, 11114.62646, 283.37162
87, 10647.92329, 12093.27420, 11076.71355, 255.00906
88, 10647.92329, 12054.96207, 11019.79702, 260.00250
89, 10645.00964, 32004.73293, 11137.69350, 2112.05944
90, 10640.42017, 12107.64883, 10929.45032, 280.55151
91, 10634.48195, 11882.10920, 10925.76539, 254.89002
92, 10569.24307, 12558.92268, 10863.75018, 275.54187
93, 10515.22857, 11689.62120, 10817.55190, 220.32328
94, 10566.32942, 11909.92209, 10833.48120, 281.93486
95, 10486.71184, 45944.53621, 11128.28501, 3508.88749
96, 10486.71184, 227405.38955, 12934.51100, 21556.43764
97, 10486.71184, 11527.94836, 10738.26311, 224.91489
98, 10474.47233, 11696.14500, 10732.85238, 244.66104
99, 10474.47233, 12217.37278, 10671.08353, 226.16659
100, 10474.47233, 12806.50045, 10727.23485, 299.59544
101, 10444.35449, 12193.15113, 10685.54477, 296.15214
102, 10402.29867, 11731.58762, 10653.89042, 222.88393
103, 10394.85475, 157707.83777, 12138.34523, 14632.75009
104, 10365.91291, 188445.34674, 12382.12053, 17696.28990
105, 10365.91291, 12689.17689, 10624.28531, 287.95206
106, 10356.15923, 11641.62031, 10600.20132, 260.84643
107, 10356.15923, 11444.39420, 10626.53557, 260.02735
108, 10356.15923, 148596.35373, 12092.40765, 13831.16456
109, 10318.98471, 11414.38297, 10497.43536, 183.19277
110, 10318.98471, 11844.11922, 10525.75335, 263.33198
111, 10225.64054, 57673.34662, 11033.89436, 4695.35167
112, 10225.64054, 126234.76631, 11743.01630, 11522.16430
113, 10224.28732, 11377.08002, 10506.81319, 221.48213
114, 10203.19409, 11425.08555, 10506.24366, 275.20758
115, 10154.04753, 21866.47463, 10589.25813, 1168.97038
116, 10115.26720, 11088.18342, 10400.27220, 183.33319
117, 10142.32659, 11432.91467, 10395.55186, 247.67105
118, 10086.32472, 11674.37487, 10409.83632, 285.44249
119, 9994.81316, 11352.55619, 10346.18092, 226.49887
120, 10062.82803, 11240.16437, 10348.26314, 235.13552
121, 9983.18133, 40105.07446, 10583.00968, 2973.32766
122, 9983.18133, 11277.44448, 10318.96492, 239.92943
123, 9983.18133, 11400.58823, 10327.17593, 274.89972
124, 9937.15883, 11473.19674, 10300.62793, 289.26864
125, 9968.42648, 11280.82191, 10233.79502, 267.40947
126, 9904.43090, 182626.45806, 11970.70335, 17161.35623
127, 9793.49877, 11446.48077, 10219.52033, 285.78634
128, 9793.49877, 11016.32153, 10169.25500, 254.97635
129, 9793.49877, 11249.19271, 10117.05440, 251.96743
130, 9769.23045, 11018.99295, 10087.22781, 240.28389
131, 9769.23045, 11042.08428, 10070.43183, 242.72487
132, 9670.96054, 11198.40544, 10064.49116, 281.06889
133, 9670.96054, 10966.48666, 10014.62743, 197.97448
134, 9670.96054, 11347.12136, 10019.73079, 299.96203
135, 9686.15364, 183538.17485, 11996.09359, 17471.28814
136, 9720.29961, 11124.64876, 9952.85643, 274.79126
137, 9706.48739, 11146.78699, 9939.15182, 270.71093
138, 9696.03130, 11569.21211, 9919.21187, 299.82661
139, 9646.89011, 11150.80434, 9890.61089, 258.44958
140, 9614.44950, 95190.83632, 10893.30855, 8587.21541
141, 9642.39631, 10970.87848, 9918.95816, 294.05417
142, 9599.25640, 11256.36755, 9883.42503, 268.55519
143, 9577.24260, 36619.56026, 10103.47622, 2671.55902
144, 9557.84029, 11211.43740, 9850.60386, 252.08282
145, 9542.98613, 10881.33927, 9810.01252, 240.98808
146, 9553.61949, 10952.55366, 9767.40563, 268.69164
147, 9512.20338, 11199.93066, 9853.80120, 323.55331
148, 9512.20338, 11059.80796, 9745.86796, 257.98926
149, 9512.20338, 10745.34267, 9738.28107, 256.95219
150, 9512.20338, 40592.31212, 10027.53812, 3081.85168
151, 9512.20338, 10947.00080, 9766.44338, 315.66006
152, 9512.20338, 11015.31022, 9692.51713, 245.60824
153, 9480.18059, 10509.58938, 9689.34110, 213.40309
154, 9480.18059, 39546.94771, 9964.46490, 2983.03830
155, 9395.91617, 10807.14728, 9672.44168, 247.52934
156, 9440.20546, 10679.65824, 9645.02603, 235.49448
157, 9415.93715, 38868.40642, 9958.80431, 2918.51750
158, 9404.46237, 11215.92328, 9654.99520, 305.35229
159, 9408.18268, 10679.65824, 9688.64610, 306.08808
160, 9354.55460, 10943.48002, 9682.09661, 352.55242
161, 9385.19528, 10573.99907, 9613.37994, 249.10509
162, 9318.82324, 10831.55527, 9595.52322, 246.44825
163, 9313.19737, 55498.08018, 10010.98856, 4576.64124
164, 9313.19737, 10611.14731, 9593.36211, 302.85918
165, 9313.19737, 10448.32124, 9521.60104, 208.94664
166, 9313.19737, 10680.50871, 9523.77549, 265.87969
167, 9306.94476, 107465.48908, 10516.04274, 9747.29664
168, 9292.73891, 191293.86911, 11340.65075, 18087.75894
169, 9292.73891, 10804.11412, 9549.48553, 320.99017
170, 9292.73891, 11037.13962, 9480.31498, 247.87381
171, 9292.73891, 12298.79697, 9493.19653, 380.18806
172, 9288.88148, 153486.13246, 11214.89493, 14638.04639
173, 9288.88148, 181797.96115, 11218.39536, 17145.54599
174, 9164.99761, 10239.93442, 9461.89098, 219.31265
175, 9114.90361, 119008.45799, 11625.49895, 15174.03478
176, 9114.90361, 10805.34411, 9430.02009, 267.78497
177, 9107.21980, 10747.45448, 9457.70745, 313.82057
178, 9100.12086, 56860.70488, 9876.74756, 4730.11665
179, 9100.12086, 19257.29563, 9544.79339, 1033.14685
180, 9095.62069, 10615.49092, 9343.50309, 230.09362
181, 9095.62069, 10368.61099, 9369.93155, 295.64392
182, 9092.43705, 10543.20170, 9354.94231, 297.95486
183, 9095.62069, 130625.91375, 10555.21466, 12071.78955
184, 9095.62069, 22727.55340, 9443.91291, 1360.92324
185, 9095.62069, 10109.68494, 9282.70505, 223.48137
186, 9095.50011, 102325.52134, 10231.55565, 9259.80243
187, 9095.50011, 10850.69093, 9295.47007, 273.17532
188, 9076.21719, 202714.22068, 11179.83141, 19250.90674
189, 9061.43444, 10613.57873, 9258.80426, 224.52798
190, 9060.75357, 10542.18181, 9290.12719, 283.69215
191, 9060.75357, 28322.77230, 9498.95666, 1915.69914
192, 9031.68825, 185118.85969, 11725.61781, 18449.40557
193, 9031.68825, 10503.25346, 9273.50217, 275.54790
194, 9031.68825, 10116.10174, 9230.99402, 239.95849
195, 9031.68825, 192240.73679, 12635.35942, 23864.96772
196, 9014.51739, 129872.94479, 10435.08528, 12006.43068
197, 9003.02479, 10330.13197, 9214.13719, 240.62465
198, 9014.51739, 10577.12100, 9260.07391, 323.02834
199, 9014.51739, 179970.68829, 10958.95912, 16988.72318
200, 9005.64280, 11050.88101, 9222.45759, 337.36012
201, 9014.51739, 12092.71075, 9263.10899, 400.70486
202, 8925.93050, 10550.09579, 9191.79284, 275.20979
203, 8974.03805, 140268.25461, 10546.87384, 13041.73717
204, 8961.39915, 10244.64250, 9179.06657, 244.65776
205, 8961.39915, 34681.64482, 9460.78014, 2551.72409
206, 8948.77930, 10426.18746, 9136.86947, 260.74529
207, 8855.09080, 10244.64250, 9169.82842, 278.99574
208, 8826.42734, 10489.69654, 9164.95977, 293.86822
209, 8855.09080, 10085.21591, 9144.18079, 260.37711
210, 8819.45122, 9858.21646, 9080.25348, 197.72754
211, 8826.42734, 49943.38147, 9533.03370, 4069.21700
212, 8826.42734, 79629.53127, 9838.08014, 7022.11012
213, 8826.42734, 9976.24112, 9065.95276, 242.32690
214, 8826.42734, 10087.46424, 9002.42360, 208.07572
215, 8826.42734, 10490.75603, 9056.80365, 298.71507
216, 8826.42734, 14572.46401, 9049.31932, 615.15664
217, 8826.42734, 10263.41021, 9024.07145, 265.64002
218, 8824.77030, 10108.66866, 9034.52903, 286.60780
219, 8826.42734, 10083.34464, 8996.42325, 246.98697
220, 8826.42734, 10056.55245, 8988.03996, 234.17043
221, 8782.81453, 117493.84491, 10127.02969, 10797.14219
222, 8782.81453, 85390.75116, 9783.13065, 7603.64915
223, 8824.77030, 144974.38802, 10428.14359, 13525.98346
224, 8808.58153, 12862.53078, 9047.25686, 444.80399
225, 8787.49900, 24321.33618, 9181.14757, 1549.84927
226, 8775.80305, 49293.30097, 9437.45602, 4017.29721
227, 8775.80305, 10071.48752, 8990.68562, 305.52658
228, 8732.19024, 14521.83971, 9016.56032, 605.67230
229, 8730.53320, 31252.77964, 9197.89418, 2232.29671
230, 8730.53320, 10180.60927, 8964.77989, 298.06979
231, 8730.53320, 10245.60235, 8925.02891, 286.43224
232, 8730.53320, 9954.39755, 8924.66931, 233.79030
233, 8730.53320, 10233.70683, 8965.36966, 311.19666
234, 8730.53320, 9520.73676, 8904.38352, 214.81735
235, 8723.18507, 88983.52412, 9789.62101, 7968.66857
236, 8723.18507, 28833.13763, 9092.15302, 1999.89290
237, 8695.77541, 147659.06985, 10272.59069, 13810.04082
238, 8695.77541, 10175.77742, 8943.52506, 325.23667
239, 8695.77541, 10675.51110, 8905.99614, 316.72082
240, 8695.77541, 10108.36594, 8864.38734, 219.22451
241, 8682.26504, 9986.94268, 8855.89954, 239.69254
242, 8682.26504, 47500.68973, 9304.21708, 3850.82992
243, 8664.27302, 10358.92562, 8911.99294, 330.54175
244, 8664.27302, 10186.81874, 8900.54273, 317.36675
245, 8650.76265, 9924.13520, 8859.83017, 272.82428
246, 8650.76265, 9714.64354, 8821.04939, 237.51963
247, 8656.31508, 9834.74583, 8852.91874, 265.83488
248, 8656.31508, 10334.95617, 8868.45627, 323.13019
249, 8650.76265, 9983.95668, 8822.32501, 244.74141
250, 8642.93947, 9711.04638, 8857.37797, 236.04355
251, 8636.68098, 10206.57344, 8877.64166, 293.04071
252, 8634.98153, 10174.47811, 8887.36381, 328.06268
253, 8627.72222, 45522.43365, 9185.13470, 3659.69064
254, 8531.62671, 10118.65193, 8826.90489, 282.54809
255, 8531.62671, 10619.97301, 8823.41063, 353.30618
256, 8420.94625, 11263.20261, 8818.40786, 359.70221
257, 8420.94625, 16709.31064, 8897.65087, 849.08681
258, 8420.94625, 9975.08790, 8787.36677, 305.78001
259, 8420.94625, 9954.70986, 8766.85126, 296.89132
260, 8420.94625, 10442.65367, 8769.52104, 354.07396
261, 8394.68825, 9655.78584, 8670.50949, 245.26090
262, 8394.68825, 9844.58910, 8713.72162, 285.59709
263, 8394.68825, 10110.71641, 8701.57046, 302.03210
264, 8394.68825, 9629.74503, 8682.08773, 283.61931
265, 8394.68825, 10537.94002, 8725.01383, 375.59090
266, 8394.68825, 10412.22614, 8655.23536, 330.15140
267, 8394.68825, 10196.24162, 8621.65727, 339.46818
268, 8334.66649, 9935.77051, 8660.27086, 360.13393
269, 8334.66649, 10388.07275, 8593.13970, 315.05532
270, 8296.06379, 9768.66834, 8590.21290, 283.36299
271, 8296.06379, 75269.89903, 9210.78489, 6644.28644
272, 8296.06379, 100649.27096, 9504.69673, 9165.10835
273, 8280.57551, 9824.01861, 8555.68241, 276.11104
274, 8280.57551, 9832.38943, 8567.35863, 310.78922
275, 8280.57551, 9570.66550, 8518.75190, 282.26451
276, 8280.57551, 9529.71400, 8473.58738, 222.32630
277, 8241.97281, 9322.23508, 8436.65675, 198.31899
278, 8219.25892, 9990.52320, 8476.42170, 297.86513
279, 8219.25892, 9794.23604, 8493.36588, 284.88944
280, 8219.25892, 44382.31976, 8849.73426, 3582.60830
281, 8219.25892, 9786.19848, 8479.32842, 299.18100
282, 8219.25892, 9821.64343, 8505.63482, 346.57762
283, 8219.25892, 143039.33773, 9805.64680, 13393.03323
284, 8219.25892, 9354.48031, 8402.97912, 244.09053
285, 8219.25892, 9267.90187, 8422.99986, 228.76485
286, 8219.25892, 10157.14667, 8398.94942, 318.21486
287, 8219.25892, 9540.48939, 8356.24456, 231.84280
288, 8219.25892, 9982.30204, 8422.03795, 342.77273
289, 8219.25892, 10245.34793, 8430.24821, 332.11881
290, 8219.25892, 9751.99298, 8393.14824, 294.62949
291, 8219.25892, 9633.71724, 8397.33095, 273.99927
292, 8219.25892, 10107.42531, 8447.86584, 353.11669
293, 8204.13441, 28523.05354, 8562.63918, 2017.42383
294, 8204.13441, 159972.40324, 9892.81239, 15085.08077
295, 8204.13441, 11710.08730, 8444.32742, 465.49075
296, 8198.56902, 9245.18798, 8401.23004, 284.04848
297, 8182.83703, 10158.24405, 8370.98394, 283.68680
298, 8182.83703, 86735.82461, 9205.93432, 7799.48230
299, 8101.62468, 9537.84274, 8420.37995, 326.21305
300, 8182.83703, 9857.22269, 8387.61080, 274.07128
301, 8182.83703, 10191.21806, 8420.18991, 365.09926
302, 8182.83703, 9555.92027, 8398.50966, 273.97451
303, 8171.14645, 9924.46456, 8418.26078, 343.33097
304, 8171.14645, 10439.89313, 8408.70309, 377.27874
305, 8171.14645, 28702.69035, 8622.84120, 2048.59860
306, 8171.14645, 11550.29478, 8446.99713, 449.28049
307, 8171.14645, 9796.25278, 8348.75144, 257.10609
308, 8171.14645, 54127.22528, 8835.68351, 4563.42126
309, 8171.14645, 9392.71031, 8315.69579, 238.20640
310, 8158.91905, 33401.09504, 8591.05169, 2515.57528
311, 8147.22848, 9968.72134, 8351.50095, 315.73213
312, 8136.99513, 9095.94468, 8330.90973, 211.98047
313, 8147.22848, 144475.21360, 9784.19443, 13542.60662
314, 8130.03261, 9288.89963, 8338.08396, 247.98647
315, 8130.03261, 90551.33577, 9274.04948, 8202.88177
316, 8147.22848, 10065.59786, 8386.31244, 369.65451
317, 8147.22848, 74217.30279, 9029.09906, 6557.93933
318, 8147.22848, 10058.62699, 8377.32185, 341.97668
319, 8147.22848, 95459.23850, 9304.63456, 8717.28782
320, 8147.22848, 27073.77165, 8486.35278, 1881.86347
321, 8147.22848, 9478.73170, 8347.29215, 296.42891
322, 8147.22848, 168231.85614, 11988.01235, 20479.36142
323, 8147.22848, 49717.59766, 8773.75662, 4124.98893
324, 8117.00351, 9400.68071, 8359.67756, 316.79675
325, 8117.00351, 9214.41148, 8272.43146, 217.93355
326, 8117.00351, 9743.49084, 8313.88095, 312.11559
327, 8117.00351, 9499.07955, 8312.48440, 267.41937
328, 8117.00351, 9313.50272, 8288.15835, 225.42219
329, 8117.00351, 9169.58767, 8272.45281, 218.84923
330, 8117.00351, 165014.08343, 9887.84542, 15593.54989
331, 8117.00351, 15552.16454, 8381.60505, 776.68383
332, 8111.74004, 9193.91704, 8283.20523, 228.55332
333, 8117.00351, 9563.50822, 8260.17640, 250.48405
334, 8110.37999, 9392.68768, 8291.79351, 283.38085
335, 8110.37999, 9157.06855, 8274.65103, 257.39119
336, 8110.37999, 9338.56737, 8278.63911, 256.11476
337, 8110.37999, 10201.79777, 8345.20734, 344.19153
338, 8110.37999, 9485.69151, 8349.37593, 330.85911
339, 8110.37999, 9528.33765, 8286.32850, 264.38858
340, 8110.37999, 9433.52193, 8335.57435, 314.87713
341, 8110.37999, 9391.40694, 8270.42296, 255.67230
342, 8110.37999, 9520.87095, 8307.92401, 296.76589
343, 8110.37999, 53312.16096, 8770.50685, 4487.57311
344, 8110.37999, 9748.05895, 8331.56166, 326.88445
345, 8110.37999, 164976.07472, 9907.56223, 15588.75692
346, 8110.37999, 164658.15051, 9872.54439, 15559.57696
347, 8110.37999, 49618.77299, 8679.59184, 4120.13864
348, 8110.37999, 9465.86220, 8333.17040, 325.87591
349, 8091.40228, 9331.94385, 8262.81303, 240.86961
350, 8091.40228, 9327.85283, 8262.60625, 227.25479
351, 8091.40228, 9691.28920, 8310.51876, 313.76419
352, 8091.40228, 9403.10402, 8277.37722, 254.69212
353, 8091.40228, 9416.84708, 8315.94007, 297.66657
354, 8091.40228, 99831.25816, 9194.56990, 9112.95738
355, 8077.61799, 9887.62919, 8265.24275, 283.43881
356, 8091.40228, 9138.09084, 8241.00954, 234.13491
357, 8091.40228, 9715.21277, 8231.13481, 296.85095
358, 8091.40228, 9656.14140, 8284.47555, 322.95999
359, 8074.74264, 9138.09084, 8207.51360, 199.85570
360, 8074.74264, 135163.61334, 9530.15357, 12629.63203
361, 8074.74264, 9381.65810, 8228.63286, 250.40050
362, 8051.42223, 9572.68909, 8264.88808, 308.43988
363, 8051.42223, 25706.34964, 8474.47519, 1756.72449
364, 8051.42223, 128315.02489, 10137.00435, 13651.16760
365, 8051.42223, 9980.72525, 8232.86432, 292.57085
366, 8034.76260, 9537.70165, 8209.69008, 255.07582
367, 8034.76260, 102393.62209, 9190.58290, 9370.74770
368, 8034.76260, 9499.72479, 8254.71034, 281.05019
369, 8034.76260, 9097.73485, 8285.15259, 275.05752
370, 8034.76260, 173403.63415, 9899.71886, 16434.52591
371, 8034.76260, 9121.43120, 8236.96804, 252.60600
372, 8034.76260, 9683.18648, 8208.99762, 261.68430
373, 8034.76260, 115357.49981, 9294.77283, 10663.18429
374, 8034.18001, 9081.45116, 8197.58623, 244.85020
375, 8022.75902, 9448.87335, 8198.77748, 257.11876
376, 8022.75902, 100028.21520, 9165.25558, 9139.31219
377, 8022.75902, 9026.85702, 8163.27796, 194.85904
378, 7992.25474, 9036.36667, 8159.13854, 214.88858
379, 7989.02005, 175719.24222, 10204.23731, 16989.51638
380, 7992.25474, 9734.56118, 8214.48971, 307.89343
381, 7992.25474, 9256.32645, 8228.08256, 277.32864
382, 7991.67215, 9292.03990, 8187.93540, 246.59307
383, 7991.67215, 9817.32030, 8139.10794, 228.99709
384, 7991.67215, 9261.07680, 8129.35561, 260.35599
385, 7950.39233, 9247.68972, 8176.14027, 278.37143
386, 7991.67215, 9736.17352, 8240.16755, 315.61005
387, 7991.67215, 9227.23375, 8178.65815, 273.91835
388, 7919.46537, 9362.06741, 8168.61047, 253.23035
389, 7918.88278, 9589.83529, 8117.03900, 247.62770
390, 7918.88278, 9099.11826, 8137.28877, 250.23423
391, 7918.88278, 9213.81859, 8175.10732, 320.14836
392, 7918.88278, 9702.54898, 8148.76748, 306.80662
393, 7855.78531, 119452.17397, 9212.95116, 11081.35248
394, 7855.78531, 39034.50843, 8433.94054, 3085.98577
395, 7855.78531, 9221.94849, 8096.53400, 269.18705
396, 7855.78531, 35838.07752, 8374.39979, 2772.76918
397, 7855.78531, 8653.38610, 8079.41896, 206.40727
398, 7855.78531, 190558.81403, 9862.20317, 18161.95961
399, 7855.78531, 9405.59018, 8063.87962, 269.87638
400, 7855.78531, 42330.96626, 8667.58665, 4352.36221
401, 7855.78531, 9261.51447, 8014.55268, 237.54504
402, 7855.78531, 9333.40419, 8021.50907, 267.10174
403, 7855.78531, 9192.45012, 8038.06701, 277.17478
404, 7831.50789, 9014.95504, 8031.42309, 272.35999
405, 7831.50789, 8992.80446, 8044.80216, 284.21494
406, 7831.50789, 9195.01932, 8035.78241, 282.06320
407, 7831.50789, 8884.08132, 7982.82017, 193.74095
408, 7776.55229, 9022.20741, 8011.26040, 247.73411
409, 7776.55229, 9280.34190, 7985.93173, 240.42305
410, 7776.55229, 9201.62920, 8037.36910, 295.90159
411, 7776.55229, 9198.92971, 8025.89430, 288.37237
412, 7776.55229, 8857.28467, 8016.21974, 238.26262
413, 7776.55229, 9021.87647, 8047.19940, 283.38119
414, 7776.55229, 9572.71323, 8039.58022, 326.36327
415, 7723.00266, 8876.64808, 8022.84355, 266.48477
416, 7723.00266, 17630.46763, 8087.13146, 998.58926
417, 7723.00266, 9232.52664, 7954.73060, 270.90620
418, 7723.00266, 8986.66959, 7946.07219, 264.08394
419, 7723.00266, 9421.63690, 7937.79858, 277.35748
420, 7723.00266, 63209.35378, 8478.93322, 5508.02636
421, 7710.47111, 8952.44145, 7936.88119, 288.62951
422, 7710.47111, 9928.70185, 7912.30520, 321.16847
423, 7710.47111, 9235.34365, 7913.89159, 334.33977
424, 7710.47111, 8902.04493, 7898.42299, 263.67753
425, 7710.47111, 9053.41369, 7915.69276, 345.38257
426, 7710.47111, 9009.37213, 7899.17323, 292.08983
427, 7710.47111, 9093.05150, 7906.75128, 269.71612
428, 7710.47111, 45128.99888, 8339.86695, 3726.77452
429, 7710.47111, 117934.91950, 8979.83503, 10952.67009
430, 7710.47111, 8718.74017, 7825.47568, 204.25601
431, 7710.47111, 8808.68574, 7842.74722, 228.37525
432, 7689.27122, 9231.24530, 7850.17303, 250.07358
433, 7689.27122, 123987.57548, 9535.82006, 11977.36734
434, 7710.47111, 9296.16734, 7904.13207, 288.30794
435, 7710.47111, 9173.53899, 7929.20085, 335.79257
436, 7710.47111, 10088.45024, 7941.96812, 367.99339
437, 7691.69179, 8990.37664, 7877.39446, 241.91179
438, 7691.69179, 9292.01184, 7904.98496, 315.97811
439, 7691.69179, 63390.90961, 8403.93390, 5530.66069
440, 7691.69179, 16092.52468, 7955.10934, 850.49870
441, 7691.69179, 9843.08949, 7871.13022, 332.64481
442, 7691.69179, 75525.76177, 8552.68958, 6739.87755
443, 7691.69179, 8934.68050, 7865.72570, 263.79829
444, 7678.23327, 22407.11520, 7978.17147, 1469.05989
445, 7665.88874, 9096.66605, 7868.60815, 274.08623
446, 7665.76287, 8789.90642, 7879.64371, 277.55711
447, 7665.76287, 8968.67761, 7905.21299, 306.72481
448, 7665.76287, 99272.25469, 8803.85445, 9098.32609
449, 7665.76287, 153306.53914, 9296.49910, 14475.91480
450, 7658.05372, 8749.54954, 7866.98680, 288.65699
451, 7645.92904, 58323.88925, 8530.23286, 5387.49328
452, 7645.92904, 9010.72100, 7888.87948, 300.41196
453, 7634.88744, 177008.48170, 9592.77644, 16829.58415
454, 7634.88744, 136691.59650, 9470.88365, 13079.01763
455, 7622.41524, 8756.70614, 7865.91308, 281.75549
456, 7622.41524, 17351.36962, 7964.12217, 988.08543
457, 7615.05405, 9162.59325, 7883.78962, 361.46677
458, 7630.32702, 35055.93445, 8147.24925, 2719.76421
459, 7610.80433, 8939.35068, 7862.57465, 298.68613
460, 7610.80433, 172924.68405, 9882.47580, 16868.66125
461, 7610.80433, 9705.08446, 7800.04634, 323.28337
462, 7610.80433, 102666.66204, 9227.45387, 10640.22193
463, 7610.80433, 8843.74451, 7796.56085, 301.08492
464, 7610.80433, 37609.75088, 8092.45806, 2978.10124
465, 7610.80433, 9087.09605, 7776.96763, 275.03865
466, 7605.64753, 189198.98173, 9619.94411, 18050.42365
467, 7586.66982, 8667.16581, 7770.19169, 242.22413
468, 7584.18867, 8709.01896, 7789.97723, 286.09864
469, 7499.80003, 9125.38538, 7729.56884, 214.97438
470, 7499.80003, 8548.87570, 7726.14325, 223.25580
471, 7584.18867, 9121.73305, 7812.36866, 301.37037
472, 7584.18867, 116926.82595, 9289.14601, 11676.17594
473, 7584.18867, 110901.39045, 8852.51004, 10261.55898
474, 7584.18867, 12354.82691, 7807.63683, 526.95015
475, 7584.18867, 9042.03746, 7761.57172, 277.58846
476, 7584.18867, 13079.61450, 7766.60341, 571.95519
477, 7584.18867, 8807.97828, 7766.26633, 272.35007
478, 7584.18867, 8682.40330, 7737.28963, 210.49180
479, 7584.18867, 9163.26404, 7753.99479, 265.81508
480, 7584.18867, 9157.22605, 7759.66072, 284.65878
481, 7584.18867, 176982.92794, 9434.18583, 16841.16893
482, 7584.18867, 9353.24151, 7787.15268, 351.46031
483, 7584.18867, 9217.24143, 7782.21693, 299.08591
484, 7584.18867, 8993.87632, 7773.90822, 280.65569
485, 7527.51479, 177193.23939, 9434.35989, 16862.15190
486, 7527.51479, 8697.94342, 7737.73494, 267.24321
487, 7527.51479, 165398.68475, 9336.66724, 15688.48376
488, 7527.51479, 140376.39218, 9116.73393, 13196.81062
489, 7527.51479, 8682.40330, 7706.54198, 212.94808
490, 7527.51479, 8784.15729, 7686.03111, 268.79841
491, 7527.51479, 8625.72941, 7689.06711, 246.73558
492, 7527.51479, 8809.98927, 7698.23325, 259.32396
493, 7527.51479, 8978.57199, 7720.74182, 263.77473
494, 7527.51479, 87391.09885, 8510.29131, 7934.46322
495, 7527.51479, 9410.86743, 7673.97454, 266.42644
496, 7487.22573, 8624.41876, 7655.92149, 226.00476
497, 7487.22573, 8925.41323, 7743.44514, 347.89137
498, 7487.22573, 138242.11300, 9054.48425, 12987.94738
499, 7487.22573, 8884.69831, 7715.81223, 271.77658
500, 7487.22573, 8644.14398, 7704.19034, 226.98927
501, 7487.22573, 94712.72483, 8567.84337, 8661.19425
502, 7487.22573, 15220.98037, 7813.83615, 810.85759
503, 7487.22573, 47770.78884, 8093.38017, 3998.15267
504, 7487.22573, 130770.42132, 8897.50503, 12252.10138
505, 7487.22573, 82650.52243, 8406.96670, 7466.04533
506, 7487.22573, 9203.61039, 7668.73668, 293.47455
507, 7487.22573, 8585.44035, 7620.15367, 202.28677
508, 7487.22573, 8541.41492, 7644.38912, 249.19345
509, 7487.22573, 8659.72666, 7610.91416, 216.96378
510, 7487.22573, 8585.44035, 7643.31951, 229.11069
511, 7487.22573, 8951.19689, 7704.23597, 332.35361
512, 7473.59951, 8434.46292, 7675.49165, 248.27395
513, 7473.59951, 77864.90556, 8485.48147, 7079.28130
514, 7473.59951, 47856.22434, 8060.86143, 4012.59874
515, 7473.59951, 163755.69030, 9271.17799, 15530.54695
516, 7473.59951, 52987.77035, 8095.06866, 4518.42895
517, 7473.59951, 8871.23074, 7648.13211, 266.04804
518, 7443.32754, 8893.54721, 7655.13980, 263.56190
519, 7443.32754, 9724.13834, 7644.23725, 301.71431
520, 7443.32754, 77523.23113, 8326.52948, 6958.04772
521, 7443.32754, 8585.44035, 7640.69539, 235.97330
522, 7443.32754, 9043.28007, 7642.98532, 304.36049
523, 7443.32754, 8965.84888, 7641.19112, 278.06923
524, 7443.32754, 47299.29552, 8315.79787, 4792.77284
525, 7443.32754, 154323.22304, 9063.78128, 14600.70979
526, 7443.32754, 20718.36657, 7736.89776, 1342.41939
527, 7410.90719, 8486.46865, 7638.62799, 258.55926
528, 7410.90719, 47041.97148, 7986.33461, 3933.18228
529, 7328.27632, 8448.17654, 7598.43869, 243.80808
530, 7328.27632, 8837.60800, 7612.60643, 302.79951
531, 7328.27632, 8463.73070, 7582.86188, 242.08239
532, 7328.27632, 8549.97176, 7570.51997, 225.25021
533, 7328.27632, 8881.83410, 7591.46526, 295.21880
534, 7328.27632, 8973.18710, 7587.89334, 291.10125
535, 7328.27632, 8408.78849, 7550.20372, 271.71014
536, 7328.27632, 8238.00343, 7497.89779, 201.97873
537, 7328.27632, 9163.35952, 7562.32692, 329.03621
538, 7328.27632, 8699.16698, 7537.10489, 303.18186
539, 7328.27632, 8276.77597, 7515.29805, 224.53637
540, 7328.27632, 8698.43475, 7523.24234, 299.49408
541, 7328.27632, 8664.45330, 7512.93110, 290.37399
542, 7328.27632, 123412.04075, 9835.30936, 16121.63494
543, 7328.27632, 8997.41671, 7493.78582, 246.03898
544, 7328.27632, 8554.65442, 7505.93114, 246.02144
545, 7328.27632, 8371.41743, 7480.25303, 238.98367
546, 7317.10705, 8543.12202, 7481.96878, 259.52244
547, 7317.10705, 66068.81890, 8080.18965, 5833.66062
548, 7317.10705, 8276.77597, 7474.69739, 222.22641
549, 7315.04080, 8435.07865, 7493.54620, 266.40294
550, 7315.04080, 9208.57909, 7520.47642, 338.39958
551, 7315.04080, 72756.87827, 8099.96901, 6501.00940
552, 7315.04080, 35041.93173, 7794.23243, 2755.79995
553, 7315.04080, 8853.15148, 7530.52036, 309.89754
554, 7311.23271, 27071.16972, 7724.60691, 1972.63628
555, 7303.87152, 8660.77726, 7503.26592, 297.18645
556, 7303.87152, 8777.24724, 7482.53965, 270.67839
557, 7303.87152, 8439.69288, 7460.20293, 239.89681
558, 7303.87152, 8378.56229, 7442.03694, 221.90944
559, 7294.30684, 8330.53942, 7445.38669, 212.12894
560, 7294.30684, 8707.40665, 7509.66118, 310.54894
561, 7294.30684, 8629.90669, 7478.81705, 310.12985
562, 7294.30684, 8598.91272, 7531.44737, 312.46582
563, 7294.30684, 109494.45493, 8478.66992, 10154.78921
564, 7294.30684, 8604.66394, 7492.71497, 286.77527
565, 7294.30684, 14618.37718, 7526.13420, 749.21124
566, 7294.30684, 8439.66788, 7529.66187, 334.75200
567, 7294.30684, 151480.76973, 8896.15210, 14332.34856
568, 7280.70278, 8450.51853, 7432.92243, 241.46071
569, 7294.30684, 8400.95106, 7445.59558, 234.84288
570, 7294.30684, 8268.03159, 7494.80922, 228.57605
571, 7277.68835, 8400.95106, 7430.51368, 211.79993
572, 7277.68835, 41860.06547, 7804.83832, 3435.70377
573, 7277.68835, 9591.45607, 7461.40750, 324.60704
574, 7277.68835, 44100.76723, 7843.46013, 3655.16894
575, 7210.84664, 10195.64634, 7497.43278, 389.79047
576, 7210.84664, 9169.02101, 7504.46137, 345.67440
577, 7210.84664, 8722.35361, 7495.44899, 328.49765
578, 7210.84664, 8848.82467, 7496.55084, 328.39752
579, 7210.84664, 8358.71527, 7436.39414, 263.63260
580, 7210.84664, 138896.28301, 8753.83956, 13082.77142
581, 7210.84664, 8418.19640, 7431.33545, 289.01946
582, 7210.84664, 8151.39916, 7366.75306, 189.92137
583, 7210.84664, 8415.78375, 7408.96714, 273.37099
584, 7210.84664, 181239.90890, 9114.85280, 17300.74427
585, 7210.84664, 8388.23799, 7362.16165, 219.85264
586, 7207.02755, 9020.65849, 7395.14116, 342.35829
587, 7210.84664, 8259.06149, 7364.47416, 222.45745
588, 7210.84664, 98532.73717, 8312.96729, 9072.99516
589, 7210.84664, 8879.75580, 7411.04151, 302.71223
590, 7210.84664, 8642.86245, 7452.84965, 354.86499
591, 7210.84664, 8760.92133, 7411.43983, 329.60240
592, 7201.06547, 9360.98872, 7395.64797, 349.09458
593, 7201.06547, 23218.24398, 7521.54559, 1592.04471
594, 7210.84664, 28529.58940, 7599.64906, 2117.92158
595, 7210.84664, 8358.64524, 7341.54862, 210.37327
596, 7210.84664, 9161.56044, 7408.82812, 359.33940
597, 7201.98768, 37964.59953, 7721.02564, 3054.65150
598, 7205.14317, 89260.58223, 8306.04936, 8145.92309
599, 7205.14317, 8567.34264, 7412.32687, 297.94171
600, 7205.14317, 8403.75997, 7397.57655, 280.88421
601, 7205.14317, 34448.56242, 7621.00838, 2706.43947
602, 7205.14317, 8951.46743, 7408.16561, 332.60668
603, 7205.14317, 8317.49086, 7349.03099, 232.28865
604, 7205.14317, 8491.80496, 7377.89562, 242.16197
605, 7205.14317, 89538.87607, 8713.79498, 8862.78237
606, 7205.14317, 107303.58871, 9110.82289, 11764.96169
607, 7205.14317, 8191.68918, 7400.68774, 261.65848
608, 7205.14317, 8311.78739, 7368.09304, 231.82984
609, 7205.14317, 128982.84568, 8627.89487, 12099.90215
610, 7205.14317, 179632.27581, 9091.03825, 17141.93684
611, 7205.14317, 8445.22045, 7424.96651, 289.59561
612, 7205.14317, 8211.66044, 7387.05585, 241.75203
613, 7205.14317, 8382.59723, 7430.07371, 303.36412
614, 7205.14317, 8380.85762, 7372.59325, 244.67399
615, 7205.14317, 8544.72082, 7383.61901, 239.19223
616, 7205.14317, 9016.06196, 7398.88433, 277.67216
617, 7205.14317, 8775.65383, 7414.62225, 332.40520
618, 7205.14317, 108131.77309, 8387.70747, 10027.32532
619, 7205.14317, 14698.83061, 7492.53948, 791.99181
620, 7205.14317, 8146.03789, 7351.27574, 209.84596
621, 7205.14317, 23166.21071, 7517.83771, 1595.87443
622, 7205.14317, 8400.55862, 7364.35894, 262.16759
623, 7205.14317, 8586.67127, 7417.11942, 297.15261
624, 7202.46911, 8455.17795, 7396.03132, 266.48995
625, 7202.46911, 8360.29690, 7365.04367, 234.38579
626, 7202.46911, 9047.78097, 7394.51224, 328.32861
627, 7202.46911, 8216.07375, 7351.96803, 208.14071
628, 7202.46911, 8973.55730, 7395.19607, 314.81906
629, 7185.27427, 52265.70763, 7802.95309, 4478.35215
630, 7202.46911, 52265.70763, 7808.46113, 4475.84679
631, 7196.23120, 8438.85658, 7356.54817, 283.23429
632, 7196.23120, 8806.15148, 7461.57167, 314.34734
633, 7196.23120, 96474.96623, 8264.79396, 8868.55955
634, 7196.23120, 8629.53648, 7416.04656, 311.81826
635, 7196.23120, 8901.86703, 7387.15358, 301.77047
636, 7196.23120, 8451.85293, 7384.44756, 282.66942
637, 7196.23120, 109423.69248, 8400.80104, 10156.88132
638, 7195.89669, 8237.07617, 7325.67552, 200.19689
639, 7195.89669, 8677.30145, 7359.14419, 261.01251
640, 7195.89669, 8311.68948, 7387.05603, 239.75778
641, 7195.89669, 8351.26347, 7366.86170, 247.95203
642, 7195.89669, 178554.71448, 9077.75402, 17034.79877
643, 7195.89669, 9038.86899, 7372.87993, 322.30701
644, 7195.89669, 8885.24985, 7391.45419, 302.93125
645, 7195.89669, 104276.15458, 8360.23043, 9645.56216
646, 7195.89669, 8466.84942, 7355.10845, 278.34207
647, 7195.89669, 8463.12015, 7382.31965, 290.63718
648, 7195.89669, 9076.91378, 7385.42103, 339.85697
649, 7195.89669, 8380.77203, 7357.81721, 256.33059
650, 7195.89669, 8686.85916, 7376.05839, 278.11572
651, 7195.89669, 8816.18744, 7372.75282, 301.25913
652, 7195.89669, 27048.67747, 7574.43783, 1983.09102
653, 7195.89669, 8223.00322, 7368.26885, 261.47418
654, 7195.89669, 8846.95754, 7420.90852, 325.45891
655, 7189.24773, 73045.34725, 8060.19811, 6538.20684
656, 7189.24773, 8912.99047, 7382.50123, 315.31721
657, 7189.24773, 9201.65569, 7356.22412, 341.38773
658, 7189.24773, 42290.45207, 7644.95104, 3486.60057
659, 7189.24773, 8141.11423, 7327.45927, 213.66055
660, 7189.24773, 7858.46368, 7287.57352, 161.66392
661, 7189.24773, 8729.94964, 7321.15635, 253.12633
662, 7189.24773, 9005.35323, 7393.93323, 325.62784
663, 7189.24773, 72009.64092, 8014.34765, 6435.98976
664, 7189.24773, 53589.26512, 7829.83086, 4606.37691
665, 7189.24773, 73373.18505, 8633.94746, 8173.25959
666, 7189.24773, 8489.05796, 7412.17452, 295.06149
667, 7184.43627, 8351.61045, 7354.79909, 215.98465
668, 7184.43627, 8675.38855, 7352.59331, 250.37049
669, 7184.43627, 8316.30704, 7356.82113, 242.60565
670, 7184.43627, 27120.94980, 7490.13285, 1983.23447
671, 7184.43627, 53589.26512, 7804.82407, 4607.50707
672, 7164.45885, 8342.18096, 7328.29260, 237.35675
673, 7164.45885, 27959.08625, 7552.90480, 2072.71151
674, 7164.45885, 8382.47205, 7363.47249, 250.87346
675, 7164.45885, 8832.49049, 7370.41687, 322.74782
676, 7164.45885, 30820.84755, 7595.34534, 2349.84818
677, 7164.45885, 8013.16282, 7278.21412, 159.59470
678, 7164.45885, 8672.84227, 7349.46587, 326.33300
679, 7164.45885, 9281.19042, 7329.03951, 263.56522
680, 7164.45885, 8626.21336, 7340.91782, 290.97911
681, 7164.45885, 8224.18175, 7288.83728, 189.76514
682, 7164.45885, 22531.55260, 7465.68006, 1533.78584
683, 7164.45885, 13388.09644, 7390.49151, 674.95469
684, 7164.45885, 8342.08244, 7360.56479, 280.02980
685, 7164.45885, 96512.50542, 8294.11484, 8871.98655
686, 7164.45885, 8516.39027, 7349.40632, 257.02472
687, 7164.45885, 125551.51045, 8501.82624, 11767.04722
688, 7164.45885, 75941.79209, 8611.00094, 8596.62259
689, 7164.45885, 8342.08244, 7355.63791, 279.48921
690, 7154.82307, 28652.61408, 7592.99947, 2135.76583
691, 7154.82307, 8096.66595, 7321.68703, 212.51252
692, 7154.82307, 9306.70990, 7433.44207, 418.31564
693, 7154.82307, 8732.06777, 7337.69643, 272.36611
694, 7154.82307, 125551.51045, 8844.60186, 11979.08451
695, 7154.82307, 8630.38851, 7317.02842, 242.69667
696, 7154.82307, 124288.11351, 8491.28003, 11642.46868
697, 7154.82307, 75941.79209, 8021.89486, 6831.24729
698, 7154.82307, 8903.54878, 7346.44885, 292.04529
699, 7154.82307, 7755.16625, 7264.96012, 154.90978
700, 7154.82307, 170935.17029, 8948.21204, 16284.52689
701, 7145.50468, 70275.56129, 7922.39531, 6270.30445
702, 7154.82307, 8389.85406, 7304.25984, 213.14404
703, 7154.82307, 8359.22657, 7295.28496, 243.87587
704, 7154.82307, 168698.73615, 10125.16567, 18069.00753
705, 7133.78449, 8710.63872, 7326.64108, 240.58294
706, 7133.78449, 8622.85186, 7355.77992, 309.82853
707, 7133.78449, 8422.04653, 7303.68497, 253.50515
708, 7133.78449, 8332.44666, 7317.37987, 247.31485
709, 7133.78449, 22678.96727, 7497.37675, 1553.25925
710, 7133.78449, 8332.44666, 7338.43769, 251.24776
711, 7133.78449, 8445.29562, 7297.24386, 245.81892
712, 7133.78449, 8542.36983, 7269.46107, 222.89388
713, 7133.78449, 11997.91717, 7332.16562, 538.55531
714, 7133.78449, 75553.61117, 7988.06397, 6796.28484
715, 7133.78449, 8321.54854, 7301.56905, 260.67735
716, 7130.85225, 9036.25502, 7286.54918, 293.96848
717, 7133.78449, 8459.58730, 7276.11004, 266.63630
718, 7133.78449, 94854.10202, 8211.54831, 8713.38092
719, 7133.78449, 8615.14142, 7346.47021, 285.01161
720, 7133.78449, 18955.67531, 7428.81391, 1192.01102
721, 7133.78449, 8520.51853, 7322.88030, 292.58993
722, 7133.78449, 8731.57154, 7331.53422, 284.74646
723, 7133.78449, 8311.40808, 7290.51431, 229.75359
724, 7113.73596, 113416.10488, 8338.81965, 10562.72081
725, 7133.78449, 8337.78981, 7321.41233, 268.27172
726, 7133.78449, 22494.60794, 7530.08725, 1591.12754
727, 7133.78449, 8369.95771, 7284.30968, 249.74330
728, 7133.78449, 99254.12846, 8266.42237, 9150.12221
729, 7133.78449, 12625.58303, 7363.63425, 615.08482
730, 7131.45121, 91769.49058, 8136.10242, 8409.46552
731, 7131.45121, 127825.67199, 8525.82107, 11994.36526
732, 7124.46609, 148582.04971, 8720.38382, 14058.76206
733, 7124.46609, 8232.48052, 7299.62754, 260.68640
734, 7124.46609, 76214.61351, 7993.07880, 6860.36529
735, 7124.46609, 8369.96987, 7307.65336, 241.12362
736, 7124.46609, 8539.19872, 7317.07261, 297.47917
737, 7122.13281, 8129.88746, 7285.65201, 213.55021
738, 7122.13281, 8311.40808, 7271.43393, 213.83934
739, 7122.13281, 58045.27500, 7785.05572, 5055.98438
740, 7122.13281, 8430.36484, 7270.50123, 230.76854
741, 7122.13281, 8309.07480, 7261.86974, 242.78202
742, 7122.13281, 8426.21750, 7256.84293, 235.47480
743, 7122.13281, 122707.40272, 8406.05769, 11489.12889
744, 7122.13281, 8514.00926, 7318.71387, 254.91281
745, 7122.13281, 40648.08077, 7671.74156, 3328.32789
746, 7122.13281, 8425.76590, 7287.26713, 250.47245
747, 7122.13281, 8642.48990, 7301.73510, 254.46481
748, 7106.27860, 8545.62252, 7340.25712, 301.98991
749, 7106.27860, 8419.63511, 7330.85076, 312.67059
750, 7106.27860, 8449.59359, 7296.57750, 262.75388
751, 7106.27860, 70692.26321, 7913.98415, 6314.65992
752, 7106.27860, 125997.76224, 9423.62163, 15104.95240
753, 7106.27860, 8648.33762, 7269.66869, 244.28449
754, 7106.27860, 8589.55781, 7294.80854, 275.22616
755, 7106.27860, 8297.39145, 7295.26485, 227.96723
756, 7106.27860, 32812.35558, 7546.80637, 2554.23421
757, 7106.27860, 9376.20460, 7275.93295, 338.64080
758, 7106.27860, 8390.69518, 7303.04913, 300.10813
759, 7106.27860, 8874.69273, 7293.69477, 289.51222
760, 7106.27860, 43415.47939, 7639.65054, 3608.42764
761, 7106.27860, 8553.09010, 7278.06009, 267.47134
762, 7106.27860, 8383.56880, 7353.70786, 327.19299
763, 7106.27860, 9244.34429, 7372.75289, 384.32112
764, 7106.27860, 8415.25973, 7338.02893, 312.80718
765, 7106.27860, 8564.88319, 7299.30357, 276.76042
766, 7087.23611, 9150.00818, 7315.74179, 359.50088
767, 7087.23611, 8021.38610, 7281.11976, 224.34499
768, 7087.23611, 8588.75733, 7279.52751, 266.40251
769, 7087.23611, 58688.11356, 7816.98534, 5124.96127
770, 7087.23611, 8730.33337, 7250.27995, 268.22310
771, 7087.23611, 133573.23976, 8562.60848, 12568.00261
772, 7087.23611, 8375.60110, 7269.05875, 286.46539
773, 7087.23611, 8437.04036, 7292.35144, 289.29036
774, 7087.23611, 8639.30009, 7260.14448, 263.42702
775, 7087.23611, 103364.91722, 8205.97558, 9566.09301
776, 7087.23611, 32777.45889, 7522.92104, 2551.52725
777, 7087.23611, 8951.74849, 7258.24650, 332.10166
778, 7087.23611, 8778.37031, 7232.89639, 261.64409
779, 7087.23611, 8662.23088, 7294.35121, 311.51659
780, 7074.63042, 8737.80365, 7297.99241, 369.41742
781, 7074.63042, 8109.22208, 7242.97440, 223.81096
782, 7084.95556, 7937.98859, 7225.14142, 190.16404
783, 7084.95556, 8135.27559, 7294.07310, 265.88384
784, 7084.95556, 8220.14015, 7229.92022, 198.43495
785, 7084.95556, 8713.02291, 7235.77641, 263.18063
786, 7084.95556, 7823.89502, 7247.08678, 207.04447
787, 7084.95556, 8526.53927, 7259.51715, 270.67577
788, 7084.95556, 7947.00100, 7227.50524, 204.47628
789, 7084.95556, 8907.26838, 7247.32073, 265.94998
790, 7084.95556, 91424.87359, 8139.16693, 8375.77168
791, 7084.95556, 8377.36953, 7293.75796, 287.60419
792, 7084.95556, 8522.16993, 7266.94269, 294.93890
793, 7084.95556, 8395.83456, 7219.65916, 260.74188
794, 7084.95556, 94442.76924, 8792.14511, 10600.92796
795, 7084.95556, 114189.95888, 8380.34522, 10638.84902
796, 7084.95556, 8285.91697, 7235.05087, 236.17714
797, 7084.95556, 8103.33678, 7223.81842, 214.88097
798, 7084.95556, 8663.53240, 7294.61621, 316.68970
799, 7084.95556, 17990.57515, 7377.04640, 1098.83655
800, 7084.95556, 8112.06208, 7240.86364, 227.18241
801, 7084.95556, 8685.81047, 7289.58883, 319.87682
802, 7084.95556, 8683.83399, 7266.26452, 297.11426
803, 7084.95556, 70667.93110, 7918.65134, 6332.00276
804, 7084.95556, 168245.75678, 8892.54066, 16017.36097
805, 7084.95556, 8385.27255, 7275.64818, 280.66771
806, 7084.95556, 79318.01595, 7965.30504, 7174.96556
807, 7084.95556, 22437.50267, 7421.87976, 1531.97955
808, 7084.95556, 8855.60019, 7265.55249, 334.09299
809, 7072.34986, 91863.86258, 8367.51422, 8756.79859
810, 7072.34986, 7913.51191, 7209.24413, 184.41593
811, 7072.34986, 168245.75678, 8890.29352, 16020.25596
812, 7072.34986, 22224.67947, 7386.46111, 1511.55139
813, 7072.34986, 8143.01868, 7299.24138, 280.74416
814, 7072.34986, 8646.49009, 7263.40220, 289.82005
815, 7072.34986, 8493.69190, 7266.65807, 274.27984
816, 7072.34986, 8436.25414, 7222.44029, 238.54736
817, 7072.34986, 8402.71769, 7246.63275, 279.30651
818, 7072.34986, 8116.52591, 7195.32687, 213.68501
819, 7072.34986, 69441.40527, 7835.12675, 6195.53777
820, 7072.34986, 8844.37461, 7275.24923, 323.33389
821, 7072.34986, 8623.53510, 7284.23665, 306.89052
822, 7072.34986, 8485.27291, 7264.21680, 263.22007
823, 7072.34986, 8475.85045, 7262.18079, 274.96799
824, 7072.34986, 8248.06221, 7232.00295, 227.01389
825, 7072.34986, 8576.24988, 7270.06552, 289.21011
826, 7072.34986, 8378.71761, 7309.69264, 319.40370
827, 7072.34986, 8358.13923, 7279.94379, 297.63885
828, 7072.34986, 8874.73798, 7352.96457, 405.89627
829, 7072.34986, 8236.92136, 7204.84644, 224.14112
830, 7072.34986, 8458.51989, 7200.77446, 224.97492
831, 7065.73177, 172231.66383, 8894.10692, 16418.57686
832, 7065.73177, 8163.82458, 7201.22139, 211.27658
833, 7065.18090, 8207.46716, 7232.44840, 264.09685
834, 7065.18090, 8477.79221, 7256.65782, 265.37134
835, 7065.18090, 7931.37648, 7217.46426, 195.77132
836, 7058.56280, 8414.98514, 7259.69057, 322.91060
837, 7058.56280, 8092.56951, 7217.00051, 237.33865
838, 7058.56280, 8109.90782, 7221.24038, 228.08541
839, 7058.56280, 8877.74599, 7239.97876, 309.83600
840, 7058.56280, 8034.46073, 7196.85753, 203.27345
841, 7058.56280, 8448.97050, 7254.17817, 280.46844
842, 7058.56280, 8513.94759, 7272.73925, 328.33495
843, 7058.56280, 8252.68653, 7212.81345, 267.53789
844, 7058.56280, 8452.93913, 7255.10785, 299.97806
845, 7057.02426, 8668.72560, 7311.75650, 343.45265
846, 7057.02426, 7967.53199, 7184.03763, 204.94895
847, 7057.02426, 22089.26742, 7414.02575, 1507.37339
848, 7057.02426, 9106.19557, 7262.75392, 353.93321
849, 7049.80692, 134829.96491, 8488.93362, 12699.56509
850, 7049.80692, 127721.83492, 8453.91205, 11990.22433
851, 7049.80692, 74636.45277, 7911.01377, 6710.77853
852, 7049.80692, 81177.58671, 8011.40174, 7361.57198
853, 7048.26838, 69163.38665, 7829.68870, 6168.99486
854, 7048.26838, 8707.48053, 7243.26421, 295.79484
855, 7048.26838, 8315.58414, 7232.64381, 269.76226
856, 7048.26838, 8904.06292, 7246.34196, 313.29439
857, 7048.26838, 8449.96633, 7196.83203, 287.70236
858, 7048.26838, 8458.79870, 7211.15262, 272.72615
859, 7048.26838, 84609.07383, 7980.14137, 7705.52954
860, 7048.26838, 8175.53877, 7206.19343, 244.24030
861, 7048.26838, 8291.98053, 7211.40386, 276.87466
862, 7048.26838, 8662.78452, 7255.04119, 359.55259
863, 7022.76970, 14672.60227, 7359.89393, 822.73086
864, 7022.76970, 92000.20125, 8291.43208, 8706.77945
865, 7022.76970, 8982.68737, 7236.22925, 331.14174
866, 7022.76970, 135218.16452, 8479.02145, 12740.14888
867, 7022.76970, 8261.46259, 7218.25003, 256.76535
868, 7022.76970, 29726.37770, 7612.27670, 2933.13185
869, 7022.76970, 119636.04035, 8332.35974, 11190.15443
870, 7022.76970, 7851.16627, 7156.55135, 176.14695
871, 7022.76970, 8569.58512, 7145.45452, 229.05655
872, 7022.76970, 8385.77794, 7166.24219, 278.94996
873, 7022.76970, 8573.95493, 7176.85163, 286.89794
874, 7022.76970, 8352.83945, 7211.87705, 297.15095
875, 7022.76970, 111806.65903, 8215.57840, 10413.90774
876, 7022.76970, 9291.25125, 7198.15850, 308.05996
877, 7022.76970, 8355.93157, 7229.90813, 286.74506
878, 7022.76970, 38452.40745, 7536.33613, 3123.55902
879, 7022.76970, 111171.41474, 8256.78817, 10347.22574
880, 7022.76970, 13838.27775, 7264.81742, 734.74982
881, 7022.76970, 72396.68655, 7814.78208, 6494.64654
882, 7022.76970, 8838.87519, 7211.67880, 314.79186
883, 7022.76970, 8527.19694, 7252.38915, 320.49594
884, 7022.76970, 92048.85794, 8052.08090, 8445.24251
885, 7022.76970, 8348.40415, 7205.52343, 282.95072
886, 7022.76970, 92048.85794, 8069.14459, 8445.42957
887, 7022.76970, 17757.51736, 7317.82020, 1080.85365
888, 7022.76970, 7961.21388, 7162.76780, 188.32030
889, 7022.76970, 8887.00347, 7192.30538, 301.42776
890, 7022.76970, 8299.98975, 7126.23239, 209.55401
891, 7022.76970, 8202.72995, 7204.77964, 301.26210
892, 7022.76970, 142736.82149, 8532.80792, 13491.52583
893, 7021.44236, 35223.35755, 7504.27622, 2802.68522
894, 7021.44236, 8010.12118, 7163.33966, 220.86650
895, 7022.76970, 160765.21730, 8874.92011, 15337.17149
896, 7022.76970, 8458.80490, 7204.28768, 292.33038
897, 7022.76970, 7961.21388, 7174.76474, 214.20180
898, 7022.76970, 8253.49176, 7206.95360, 256.28344
899, 7022.76970, 8147.78374, 7176.02854, 226.46138
900, 7022.76970, 8049.87622, 7165.27107, 237.88424
901, 7022.76970, 8238.93584, 7181.78894, 237.19674
902, 7022.76970, 84675.76606, 7954.11588, 7715.73506
903, 7022.76970, 8081.54647, 7152.03471, 219.14249
904, 7022.76970, 8569.58512, 7190.44918, 309.71162
905, 7022.76970, 8201.98761, 7143.83150, 228.23224
906, 7022.76970, 65156.94286, 7738.93574, 5774.19019
907, 7022.76970, 8556.61701, 7237.84430, 322.41325
908, 7022.76970, 11647.08107, 7239.64329, 518.18645
909, 7022.76970, 8616.26288, 7232.60146, 320.21248
910, 7022.76970, 8189.55463, 7196.75501, 269.51300
911, 7022.76970, 9037.88112, 7226.16176, 334.72555
912, 7022.76970, 8257.76757, 7196.68496, 269.67623
913, 7022.76970, 8567.50541, 7207.00805, 285.52459
914, 7022.76970, 8649.48925, 7214.74610, 297.83442
915, 7022.76970, 14220.62944, 7285.38997, 749.29272
916, 7022.76970, 8553.21569, 7181.93628, 281.90061
917, 7022.76970, 9841.18802, 7219.73671, 366.06268
918, 7022.76970, 8767.00777, 7285.83323, 350.06839
919, 7022.76970, 29167.51116, 7475.71161, 2458.61490
920, 7022.76970, 8463.05077, 7186.60943, 285.09487
921, 7022.76970, 8506.47320, 7217.69746, 342.69398
922, 7022.76970, 8307.82957, 7187.37108, 268.18714
923, 7022.76970, 8485.97810, 7196.70437, 252.87437
924, 7022.76970, 8328.66331, 7221.90284, 319.67269
925, 7022.76970, 7925.31324, 7196.73944, 240.25944
926, 7022.76970, 7885.25604, 7104.34999, 164.34461
927, 7021.72824, 7887.07893, 7165.74354, 223.62779
928, 7021.72824, 8231.85599, 7156.78693, 241.55183
929, 7021.72824, 7951.74094, 7147.24624, 204.22022
930, 7021.72824, 8546.34516, 7236.04513, 334.55349
931, 7021.72824, 8630.69255, 7201.31502, 268.55323
932, 7021.72824, 8725.51849, 7261.16428, 387.15313
933, 7021.72824, 9084.94564, 7233.21896, 323.01964
934, 7013.13250, 151292.77755, 8599.57771, 14343.52498
935, 7012.09104, 8741.06041, 7175.85944, 263.25638
936, 7012.09104, 8416.12213, 7186.44135, 283.26815
937, 7012.09104, 59036.95064, 7747.14223, 5164.79894
938, 7012.09104, 8048.83477, 7212.51891, 265.57258
939, 7012.09104, 8572.76732, 7229.78482, 364.38927
940, 7012.09104, 127103.78578, 9070.19151, 13673.25242
941, 7012.09104, 47863.59519, 7574.10750, 4056.39266
942, 7012.09104, 8213.15158, 7187.33463, 242.44596
943, 7012.09104, 112882.62871, 8527.53450, 10843.67777
944, 7012.09104, 9071.45891, 7218.12097, 386.00054
945, 7012.09104, 8182.57966, 7138.22510, 228.86931
946, 7002.23316, 8523.71580, 7161.29335, 263.95935
947, 7002.23316, 9094.81749, 7167.28796, 293.16382
948, 7002.23316, 9165.32722, 7180.26492, 278.24935
949, 7002.23316, 8707.05013, 7193.47202, 280.86203
950, 7002.23316, 8383.70911, 7185.18778, 273.34245
951, 7002.23316, 76002.33717, 7902.68617, 6852.57435
952, 7002.23316, 7940.67735, 7167.34587, 230.42824
953, 7002.23316, 87714.94592, 7982.97292, 8018.05149
954, 7002.23316, 7989.31310, 7156.11662, 224.91159
955, 7002.23316, 8538.99548, 7154.25370, 259.57229
956, 7002.23316, 8229.94479, 7156.76664, 289.21720
957, 7002.23316, 8324.89251, 7170.82256, 247.91358
958, 7002.23316, 8625.60747, 7161.84785, 270.25487
959, 7002.23316, 97742.21907, 8114.04226, 9014.93936
960, 7002.23316, 109302.55155, 8143.65302, 10169.32241
961, 7002.23316, 8956.38690, 7218.80164, 333.29210
962, 7002.23316, 78569.30193, 7912.28964, 7106.04428
963, 7002.23316, 8040.23881, 7146.47896, 211.70323
964, 7002.23316, 9419.30515, 7180.59793, 331.95662
965, 7002.23316, 9336.59113, 7194.66739, 356.09993
966, 7002.23316, 179635.47755, 9457.69354, 17838.39112
967, 7002.23316, 111879.53608, 8289.08804, 10415.97155
968, 7002.23316, 8308.59758, 7171.31821, 260.26661
969, 7002.23316, 8653.73017, 7145.20692, 292.06311
970, 7002.23316, 8156.58288, 7121.78481, 233.48831
971, 7002.23316, 141002.47492, 8487.90463, 13320.16455
972, 7002.23316, 8541.61346, 7225.22545, 313.34675
973, 7002.23316, 8256.78553, 7162.00214, 265.57346
974, 7002.23316, 8144.28694, 7156.59168, 263.39446
975, 7002.23316, 29778.68840, 7395.90183, 2277.42729
976, 7002.23316, 8250.26441, 7160.79430, 279.66375
977, 7002.23316, 8501.79822, 7116.71980, 208.68641
978, 7002.23316, 102670.93750, 8144.36879, 9513.91599
979, 7002.23316, 8361.44337, 7187.85999, 258.68898
980, 7002.23316, 142447.42785, 8506.83140, 13463.27275
981, 7002.23316, 71825.79680, 7788.02624, 6441.69541
982, 6939.50748, 9237.35718, 7183.38537, 313.59852
983, 6939.50748, 8318.79021, 7203.97461, 290.52231
984, 6939.50748, 8029.33968, 7196.87933, 245.63975
985, 6939.50748, 58239.34946, 7680.00474, 5087.80102
986, 6939.50748, 8437.76121, 7190.98211, 272.41953
987, 6939.50748, 15067.44552, 7268.98329, 829.35808
988, 6939.50748, 8490.92739, 7188.26621, 261.87657
989, 6939.50748, 142447.42785, 8511.91754, 13463.49134
990, 6932.70572, 8583.38254, 7149.04621, 275.47514
991, 6939.50748, 8537.12910, 7107.41556, 258.48317
992, 6939.50748, 8483.22250, 7099.97702, 271.49678
993, 6933.35106, 8292.48668, 7082.20780, 232.28753
994, 6933.35106, 9252.24944, 7094.14058, 322.45924
995, 6933.35106, 9066.10390, 7097.52037, 283.69148
996, 6933.35106, 8082.20879, 7121.22928, 281.69142
997, 6933.35106, 7990.92828, 7133.88853, 302.02829
998, 6933.35106, 7966.61400, 7081.58156, 235.25525
999, 6933.35106, 15033.59516, 7161.27210, 832.67337
